# Blender v2.63 (sub 0) OBJ File: ''
# www.blender.org
mtllib b406_low.mtl
o Mesh_object
v -1.048044 -0.738885 1.952984
v -1.106351 -0.520882 1.867736
v -0.602966 2.597701 -2.804464
v 0.371198 1.781517 -0.634765
v 0.916917 -0.112211 -2.263652
v -0.566215 -1.162744 -1.996586
v -0.372258 -1.149137 2.213927
v 0.599947 2.776278 -2.846040
v -0.759303 -0.735085 2.818049
v 0.672764 -1.722880 -1.810997
v 0.447953 -3.937271 2.411447
v 0.106340 3.928895 -2.121028
v 0.264854 1.543398 0.662983
v -0.039097 2.939503 -4.204470
v -0.273554 1.965308 -4.163718
v -0.496774 -0.581874 0.372848
v -0.330264 1.880861 -2.384163
v -0.437871 1.483659 0.405393
v -0.840719 -1.061875 1.729643
v 0.768132 0.162383 2.931828
v 0.351271 1.578561 1.635988
v -1.082682 -0.386155 2.230813
v 0.465252 2.397852 -1.470942
v 0.560289 -2.381479 -1.890502
v -1.021052 -0.549662 2.258183
v -1.078376 -0.424586 1.515557
v 0.665114 -3.799906 2.238787
v 0.988975 -0.566374 2.645023
v 0.441881 0.690696 -2.377050
v 0.484177 -1.175237 1.812110
v 0.758137 -1.127574 2.867107
v -0.736165 -3.972940 2.992471
v 0.279207 1.679023 -3.679309
v 0.328519 -0.884068 -0.127128
v 0.200264 -2.433173 4.158403
v -0.906482 0.067579 0.865209
v 1.011865 0.176608 2.786529
v 0.640032 -0.785236 -0.694003
v 0.873582 -0.127411 2.806154
v 0.554143 -2.637251 2.920819
v -0.851305 1.461258 -1.589953
v 0.532977 2.370625 -2.677915
v -1.035852 -0.412650 -1.936458
v 0.877536 1.488710 -1.372140
v 0.869119 1.385414 -0.596255
v -0.788279 -2.369707 -1.623812
v -0.358252 -2.652986 -1.761537
v -0.344324 -0.933440 1.694743
v 0.645966 1.427975 -0.240858
v -1.086093 -0.350638 -1.620434
v 1.112675 0.711432 -0.250771
v -1.015154 -0.525072 -1.597565
v -0.567060 -3.122436 3.218914
v 0.684870 -3.503797 -1.557035
v 0.167218 0.688511 3.670132
v -0.299430 2.045321 -2.589306
v -0.104593 1.369714 2.760305
v 1.003614 -0.822138 -1.881836
v 0.039887 1.726817 -2.482327
v 0.186576 0.415662 2.826392
v 0.539260 -4.013219 2.752936
v -0.572950 -3.733432 -2.188821
v 1.112791 -0.087924 -0.992273
v 0.439034 1.555953 1.438074
v -0.212381 2.144711 -0.675808
v 0.500216 -1.408077 2.755970
v 0.803796 -0.556883 -0.090047
v 0.351289 -3.661724 -1.418593
v -0.289450 -1.083906 3.330692
v -0.829961 0.838185 0.497145
v -0.598775 2.346215 -3.607797
v -0.483162 -0.696742 -2.181858
v -0.361209 -3.150410 -1.432674
v 0.199119 1.139526 3.172052
v -0.610742 1.345022 0.111783
v 0.786143 0.310635 -2.383614
v 0.149343 1.950211 -2.597594
v -0.157152 0.847912 -2.347958
v 0.819305 1.117983 0.202616
v 0.629025 -3.234357 2.716947
v -0.381798 0.994029 2.803061
v -1.106678 -0.200190 -1.882360
v 0.261526 -2.081650 -1.518426
v -0.184986 3.867276 -2.034843
v -0.541750 -0.576992 -2.288337
v -0.845396 0.934669 2.599037
v -0.727166 -0.602717 -0.014935
v 0.192640 -0.234921 2.600251
v -0.684874 -3.675107 -1.589391
v 0.443241 -0.685786 1.246048
v 1.016292 -3.794770 2.759619
v -0.484387 -3.883843 -1.451202
v -0.183030 -2.466088 4.248837
v -1.085036 -0.256505 -1.517421
v 1.097817 0.119526 -2.071979
v -0.539032 3.092041 -2.420966
v 0.457521 3.453733 -1.702089
v -0.178727 1.535848 1.929053
v -0.164735 -1.274039 3.818492
v -0.181621 2.385314 -4.156327
v 0.802632 -1.959470 -1.563690
v -1.064190 -0.291464 -0.878819
v -0.212939 3.148585 -4.088180
v 0.271514 -4.015172 -2.079440
v 0.562457 2.180202 -3.447490
v 0.418855 -0.726220 0.205101
v 0.658299 -1.926329 2.637626
v -0.211653 0.775837 3.452334
v -0.681858 0.439534 2.887494
v -0.397950 -1.031096 -1.854795
v 0.271641 1.904449 -4.168595
v 0.887303 -0.594428 -0.704286
v -0.420912 -0.603663 1.160086
v 1.002345 -3.786526 3.129908
v 0.510357 -3.282315 3.095227
v 0.985066 1.153307 -0.486450
v 1.096887 0.269163 -0.094221
v 0.000558 -1.452215 4.005181
v 0.149716 1.562526 1.889034
v 0.495554 3.138715 -3.490734
v -0.055296 3.375148 -4.268179
v -0.266796 -0.844458 -0.856548
v 0.367638 -2.998550 -1.432910
v 0.603532 3.219250 -2.422454
v -0.393705 -1.691530 -1.606073
v 0.722205 -0.740425 -1.133404
v 0.594960 1.844153 -1.062455
v -0.334774 -1.962628 -1.748091
v 0.857726 -3.902887 2.269752
v 0.231966 -0.734526 -1.972939
v -0.629599 1.856282 -1.487023
v 0.561848 -1.464209 2.997083
v 0.147208 0.972346 -2.404957
v 0.215705 -2.075180 3.492048
v -0.339776 -1.852856 -1.603758
v -1.105744 -0.041288 -0.865143
v -1.048921 -0.135960 -0.651518
v 0.996853 -0.469745 -1.298424
v -0.319298 -2.251626 -1.802133
v 0.552572 1.776376 -0.834357
v -1.063127 -0.158666 1.322271
v 0.182116 3.777230 -1.865569
v -0.597000 3.540810 -3.206755
v 0.583444 2.692933 -3.861728
v -0.028527 3.187517 -4.630634
v 0.352105 -1.933900 -1.427277
v -0.866137 -1.426112 2.967157
v 0.152893 1.281534 3.099663
v 0.310987 1.515992 -4.113915
v 1.109327 -0.225291 -1.775135
v 0.573905 -3.428353 3.273258
v 0.136513 -2.062044 3.297735
v -0.578654 2.840867 -3.705137
v 1.115903 0.047868 1.362263
v 0.719845 -1.480081 2.235227
v -0.012267 3.300228 -4.745282
v -0.757522 1.140476 0.322330
v -1.095516 -0.132555 2.524132
v -0.532486 -0.956437 -2.048237
v 0.468995 2.010641 -0.981605
v 0.860525 -3.364334 3.284705
v -0.481032 1.810117 -0.799796
v 0.533461 -3.197516 2.823030
v -0.857517 0.886969 -2.169658
v -0.126318 1.650381 -3.510524
v 0.554787 -3.804082 -1.465622
v -0.665021 -3.757723 3.407458
v -0.023558 -2.112377 3.276951
v -0.776876 -2.245419 -1.783491
v -0.290251 -0.308313 3.683521
v -0.044170 3.472393 -4.576473
v 0.284893 -1.420599 3.289656
v 0.916166 -3.391946 2.984002
v 0.788295 -3.538161 2.503852
v -0.018607 -0.782807 0.356840
v -0.691385 -2.253453 -1.375320
v -0.348113 2.585237 -0.995416
v 0.040412 -2.156455 4.297391
v -0.845625 -0.132742 0.367763
v 0.307198 3.276585 -1.371777
v -0.341516 1.481229 0.093154
v 0.506634 -4.019115 -1.766996
v -0.067708 2.491213 -0.799654
v 0.318886 3.545259 -1.650543
v -1.077471 -0.049107 -0.389346
v -0.437288 3.905499 -2.945499
v 0.059260 -0.270846 3.158414
v -0.233489 -0.414136 2.468906
v 0.421959 -2.076862 -1.331000
v -0.719872 -0.752491 -2.155596
v -0.949145 -0.432331 1.271122
v 0.304601 -3.451129 -1.928855
v -1.102665 0.066186 1.275278
v -0.830800 -0.639028 -0.379660
v -0.957904 -0.131573 1.090255
v -0.585474 2.131955 -1.742033
v 0.733869 -0.441033 0.205260
v 0.607627 2.543129 -3.766046
v -0.136199 1.710536 -2.468528
v 0.481006 -1.274431 2.001639
v 1.114938 0.082280 -0.751338
v 0.866009 -1.102514 -1.886622
v 0.458193 -3.354523 -1.351630
v 0.293863 -3.135787 -1.525855
v -0.350123 1.821017 -3.696011
v 0.647363 -3.206433 -1.649556
v 0.016495 -1.054995 3.049097
v -0.287843 -4.051796 -1.965984
v -0.295695 1.512226 -4.199682
v 0.743511 -4.032401 2.269826
v -0.544410 -3.172119 -1.811685
v 0.568413 -1.297757 2.873891
v 1.114871 0.125769 -0.328447
v 0.231431 -3.228253 -1.690731
v 0.958773 1.315843 -1.361926
v -0.288113 -1.936985 3.739973
v 0.510403 -0.462927 0.822294
v 0.686932 1.358891 -2.028099
v -0.433502 -1.862204 -1.802147
v 0.062555 3.534891 -4.937960
v -0.556955 2.523898 -3.890690
v -0.901961 -1.617790 2.978965
v -0.580115 -2.699710 -1.787794
v 0.174016 -0.933800 3.177326
v 0.785176 -2.076119 3.221858
v 0.582965 3.665570 -2.272475
v 0.997655 -0.773829 -1.587440
v 0.785517 -1.850336 2.601307
v -1.102521 0.137131 -0.154622
v -0.199642 0.793111 3.083643
v -0.747661 -0.403880 -2.282643
v 1.045377 0.848288 -1.016196
v 0.582533 3.716665 -2.849859
v -0.802157 -0.914635 1.500148
v -0.195056 3.893672 -3.466627
v 0.276006 3.930926 -2.419720
v -0.666260 -3.627908 -1.937361
v 0.566948 -3.524477 -2.007503
v 0.614058 1.953938 -1.420556
v 0.539510 -2.531872 -1.342156
v -0.033766 -0.500784 2.055084
v 0.252031 -0.767388 0.277911
v -0.157310 2.101916 -4.253436
v -0.099128 3.177058 -1.218441
v 0.260497 -0.672153 1.389093
v -0.137603 -2.337681 4.302784
v -0.428478 1.292672 -2.256895
v -0.492117 -1.330475 2.699776
v -0.528326 -1.649285 3.068653
v -0.850873 -1.597218 3.109718
v -1.098413 0.102975 2.648168
v 0.941830 0.783522 1.493277
v -0.383675 2.831707 -1.203274
v -0.244034 1.077806 2.914494
v 0.512701 2.826441 -2.055401
v 0.511259 2.905390 -2.610841
v 0.845933 -3.446558 2.668269
v -1.083740 -0.029706 -2.065535
v 0.269349 1.474371 2.147752
v -0.681383 -4.035306 2.275729
v 0.146155 1.143498 -3.824628
v -0.213818 -2.069633 3.901728
v 1.028959 -0.370966 -1.901832
v -0.489685 -0.772818 0.005138
v 0.854489 1.168886 -0.029113
v 1.079405 -0.098343 2.601110
v 0.884186 0.774774 1.033453
v -0.833323 -1.235034 1.961122
v 0.960794 1.030183 1.666883
v 0.677224 1.469755 1.219440
v -0.566580 -1.116428 -1.330228
v 0.369221 -1.113478 2.201370
v -0.841143 -0.712391 -1.258190
v 0.683061 -3.926552 -1.823682
v 0.596493 2.177140 -3.269117
v -0.040536 1.131438 -3.985951
v -0.420936 -3.892787 2.769459
v 0.165221 0.166479 2.767159
v -0.812365 -0.664589 -1.082889
v 0.152332 -0.003953 3.257357
v 0.665309 -3.060107 -1.706406
v 0.415789 1.456325 0.064129
v 0.029038 0.457048 3.122482
v -0.419706 1.549448 1.625203
v -0.447719 2.409166 -3.986170
v 0.259435 -4.011091 -1.835325
v 0.069703 0.602538 2.964720
v 0.323563 -2.934803 -1.666062
v 0.875928 1.386357 -1.087767
v 0.520207 -2.665489 -1.799642
v -0.055403 -2.101350 4.265784
v 0.553957 3.383355 -3.261868
v -0.517102 -0.763382 -1.026155
v 0.444941 3.627676 -1.956396
v 0.448119 -1.632749 -1.791930
v 0.004431 -0.657848 -1.935271
v 0.609598 3.652842 -2.552861
v 0.204393 -1.224200 3.694082
v -0.655505 -1.601818 2.453781
v -0.548921 -4.024696 -2.129918
v 0.056329 -2.167967 3.342695
v 0.576819 -4.027870 2.393390
v -0.560181 -0.416356 0.594954
v 0.036437 3.928637 -3.442162
v -0.592670 3.685905 -3.029221
v -0.446064 -3.782514 3.225960
v 0.939182 0.555415 0.894499
v 0.690152 -3.880040 3.386306
v 1.002219 0.352690 0.322554
v 0.958574 -3.531565 2.935866
v -0.836722 -0.287134 0.211473
v 0.707462 -2.072115 -1.787728
v -0.436097 -2.976873 -1.799835
v 0.967285 -3.922726 2.488084
v 0.645689 -2.913548 2.801113
v 0.052410 1.467668 -3.554298
v 0.560902 -1.152245 -1.334906
v 0.142359 2.981458 -4.183254
v -0.423870 1.981148 -3.593161
v -0.096091 0.615978 2.935031
v -0.693209 -3.304127 -1.565274
v 0.963206 0.089031 0.251025
v -0.558810 -1.424663 2.979416
v 0.232562 -0.119475 2.703150
v 0.358534 1.501845 0.456736
v -0.067279 3.683229 -5.255221
v -0.902066 1.140275 -1.954691
v -1.071360 0.426229 0.071868
v 0.045324 -1.242491 3.918914
v -0.054325 3.445726 -4.043044
v 0.361987 3.382114 -3.811008
v 0.125033 3.231240 -4.371002
v 0.348148 1.850231 -3.656291
v 0.192777 1.991795 -0.584825
v -0.455755 2.204283 -2.686623
v -0.263115 -0.801996 1.656201
v 0.004861 2.090858 -0.548589
v 0.060002 3.680310 -5.311696
v -0.432470 3.517470 -1.741100
v -0.484933 3.107842 -3.489547
v -0.624285 1.471658 -2.038379
v -0.044209 1.675142 -0.327591
v -0.393156 -0.765487 1.363027
v -0.512373 -2.159035 3.104910
v 0.849576 -0.703181 -1.237941
v -0.061424 3.440303 -4.966573
v 0.362653 3.644104 -3.788313
v 0.441886 3.896366 -2.355760
v -0.322757 -3.858300 -2.288299
v -1.074029 0.316316 -2.068883
v -0.294493 0.521948 3.443351
v -1.106681 0.564719 -1.810846
v 1.026125 -0.350892 2.577652
v -0.405158 -3.614487 3.140873
v 0.486305 2.679773 -3.978699
v 1.015674 0.651245 1.708682
v 1.048553 0.848875 -0.675198
v 0.159642 1.055945 3.419767
v 0.587521 1.112409 2.629793
v -1.105478 0.792981 -1.074747
v 1.019778 0.590381 2.588751
v -0.626396 1.346524 0.707128
v 1.113157 -0.187698 2.395139
v 0.038777 1.635722 -3.479158
v -0.262537 -2.121758 -1.570614
v 0.574039 -1.073922 1.629068
v -0.654171 -2.331021 -1.867926
v 0.286358 0.975275 2.847587
v 0.070703 3.395098 -4.836463
v -0.472690 -1.770476 -1.373451
v -0.652226 -2.712584 -1.732073
v -0.049758 0.498877 3.824060
v -0.234855 -3.197753 -1.687250
v 0.313121 -2.591066 -1.514622
v -0.508555 2.838945 -2.164994
v -1.047868 0.350220 1.212370
v -0.635723 -2.151522 -1.892140
v 0.589263 -3.694048 -2.156209
v -0.156215 -0.622240 0.676881
v -0.246032 -0.237924 -2.408813
v -0.346269 -3.871125 -1.487501
v 0.883753 -2.856727 2.919550
v -0.254905 -4.005028 -2.118235
v -0.700039 -1.690321 3.208332
v -0.047331 -0.614187 1.496899
v -0.598906 -3.397403 -1.455237
v -0.170757 -0.259560 2.564837
v 0.169503 3.169914 -4.290546
v -0.486282 -2.315284 -1.917908
v 0.169479 -3.938841 -2.080172
v 0.537036 -3.812575 2.273493
v -0.412235 2.725924 -1.248257
v -0.626338 -2.626573 -1.427435
v 0.178919 1.294084 2.662100
v -1.059958 0.346149 2.690698
v -0.064810 -0.059390 3.218737
v 0.905800 -1.689506 2.633185
v 0.984139 -3.827565 2.459914
v -0.197489 -0.810190 3.661211
v -0.703302 -1.428707 3.072360
v -0.800987 -1.562093 -1.575359
v 0.888512 -3.086715 3.173809
v 1.037936 -0.047187 -0.220303
v 0.669038 -3.432691 2.592356
v -0.292219 -2.527393 -1.569827
v -0.436435 -3.997847 -2.281848
v 0.158112 -3.725443 -2.050081
v 0.975086 0.802482 2.547778
v -0.254161 1.469552 -3.748970
v 0.430268 2.975142 -3.863873
v 0.512087 -2.430847 3.036863
v -0.165712 3.176401 -4.418761
v 0.353970 -2.660958 -1.749910
v -0.573236 -3.355589 2.668353
v -0.056837 -1.721935 3.143866
v 0.167619 0.666781 3.035018
v 0.435828 -3.910806 -1.542535
v 0.099162 -0.768089 3.168832
v -0.457456 2.028224 -2.275102
v -0.123542 0.598461 3.056443
v -1.105154 0.371891 1.539460
v -0.681164 -3.876457 -1.793524
v 0.198982 3.082136 -1.171542
v 0.753177 -3.236398 2.722405
v 0.558422 -1.891747 -1.819034
v 0.159205 1.672397 -2.412242
v 0.006551 3.544856 -1.498920
v -0.573652 -3.431385 3.298553
v -0.179167 -0.090820 2.697896
v 0.076193 -2.577817 4.240007
v 0.189058 -2.044482 4.148273
v 0.418631 -3.986267 -2.281259
v -1.090022 0.430107 2.059180
v -1.027809 0.564326 1.987650
v -0.842867 -1.506074 2.444897
v 0.044764 2.802356 -0.965898
v -0.459783 -1.348874 -1.858380
v 0.843501 -1.255211 1.989116
v -1.104528 0.483771 2.395717
v -0.669462 -3.203558 -1.709132
v -0.527377 2.651093 -2.590657
v 0.953547 1.180646 1.851492
v -0.130096 0.385245 3.176157
v 0.243322 2.324579 -0.762571
v -0.679173 -0.762967 -0.348311
v 0.662816 -1.690896 3.194957
v 0.370790 -0.996994 2.463052
v -0.854159 1.300306 1.889580
v 0.682690 -3.860611 -2.086443
v 0.746738 -4.001987 3.177543
v 1.047708 0.515752 1.562338
v 0.062302 1.181284 3.378504
v 0.644770 0.012436 -2.404230
v -0.712160 -1.143930 2.891696
v 0.887191 -2.483448 2.948043
v -0.385898 3.227918 -3.771652
v -0.159433 0.122146 3.895649
v 0.696970 -0.635445 1.212943
v 0.107302 2.327357 -4.166343
v -0.501584 2.845482 -2.543963
v 0.522686 -1.031616 2.784691
v -0.141871 0.454546 3.799255
v -0.147990 1.446174 -3.603309
v 0.884297 -0.100404 0.317375
v 0.557914 1.454312 0.801905
v 0.970465 0.817632 0.221067
v 0.247942 3.060234 -4.003978
v 1.046228 0.708246 -0.000061
v -0.605119 0.550842 2.831646
v -0.534591 -0.871502 2.751844
v -0.368109 2.109967 -3.861843
v -0.572957 3.780302 -2.385049
v -0.287165 -0.519045 3.511017
v -0.150039 -2.030466 3.291066
v -0.056956 3.647982 -3.884549
v -1.013225 0.706913 2.244168
v 0.933933 -3.621286 3.148276
v -0.543674 3.367776 -3.252566
v 0.043332 1.388294 2.660663
v 1.005725 -0.234483 -2.081565
v -0.580954 -1.743502 2.562270
v 1.107351 0.999826 -1.273304
v 0.792401 -1.576243 2.449556
v -0.464002 3.605618 -3.677751
v 0.337880 -0.817042 -0.954523
v 0.649870 0.855033 -2.302572
v 0.146099 -0.563136 1.929615
v -0.200135 0.662912 -2.374982
v -0.675314 -3.884450 -2.063261
v -0.149027 3.391840 -4.671508
v 0.567085 -3.951362 2.273949
v 0.478376 -3.235160 -1.847858
v -0.200388 0.555259 3.216151
v 0.247503 3.539482 -3.900733
v 0.213482 -0.315467 -2.356618
v 0.487788 -0.774488 -2.123429
v 0.341522 -0.569347 0.998357
v 0.120420 -3.847630 -1.864010
v -1.109051 0.726099 -0.187300
v -0.448020 3.215192 -1.468751
v -0.344174 2.126691 -0.819410
v -0.424510 -2.098257 -1.876138
v -0.260228 -1.774529 3.275001
v 0.416413 2.288798 -1.116241
v 0.875954 1.279039 1.386680
v 0.645183 -2.627346 -1.421212
v 0.233233 2.230457 -4.133334
v -0.883607 -0.407487 -0.118532
v -0.564548 3.101392 -1.580958
v 0.039495 1.984340 -2.975725
v 0.566862 1.950104 -2.004014
v 1.024929 -0.551522 2.195120
v 0.049166 1.166994 -4.046493
v 0.740036 -2.568954 2.850732
v 0.767712 1.234913 1.008778
v -0.899084 -1.126467 2.755316
v 0.787907 -0.629358 2.814548
v 0.990017 -0.350869 -0.424562
v 0.418997 -2.782300 -1.776340
v -0.550489 3.617529 -2.053307
v -0.039725 -0.589188 -2.171132
v 0.523892 1.406138 0.352474
v -1.037607 0.775511 -0.009063
v 0.444557 -3.641814 2.526768
v -1.040810 0.920220 -0.269276
v 0.432382 -3.413484 2.960143
v -0.054956 1.218269 -3.542478
v -1.076897 0.994540 -1.721246
v -0.253713 -0.842142 -1.698020
v -0.748686 -0.206781 0.733136
v 0.966582 -1.025412 1.871593
v 0.756045 -4.037007 2.908721
v 0.126426 1.119236 -3.610355
v 0.480250 2.947395 -1.369580
v -0.313757 1.447322 2.171100
v 0.559412 -1.992345 2.726537
v 0.670607 1.543281 -1.919265
v 0.035635 1.379708 3.057566
v 0.410539 -3.708436 2.821081
v 0.765112 -2.256935 -1.801803
v 0.430025 2.576194 -1.445105
v -0.506211 -4.000937 2.735935
v -1.031801 0.952193 -0.937908
v -0.149547 -0.443416 3.839693
v -0.781874 -0.082168 2.832381
v -0.371255 1.061696 -2.314233
v -0.649853 -3.019139 3.233645
v 0.501578 2.268786 -2.460824
v 0.705281 -3.676664 -1.728049
v -0.422709 -3.534568 2.750371
v 0.424236 3.791860 -2.119298
v -0.690615 -1.484597 2.243471
v 0.366201 -3.662887 -2.175786
v 0.047803 -2.581585 3.957206
v -0.128588 0.952188 3.550681
v 0.608873 3.182128 -2.756064
v -0.734582 0.717315 -2.309379
v 0.341652 2.731184 -1.073253
v -0.228704 -3.266777 -1.588694
v 0.032269 1.788466 -3.277534
v -0.479514 3.765258 -3.275639
v -1.107182 0.996304 -1.458109
v -0.422116 3.677895 -1.893137
v -0.852093 1.062887 0.184099
v -0.554811 -1.570035 2.448020
v -0.650231 -0.877597 2.804006
v 0.771246 -3.543856 3.364376
v 0.783819 -2.992090 3.233109
v 0.886706 -1.877003 2.687909
v 0.432437 1.593800 1.255266
v -1.082146 1.141641 -1.394135
v -0.611949 -3.043264 2.770939
v -0.650327 1.760772 -1.211952
v 0.592005 3.022661 -2.089204
v 0.388328 1.918907 -0.788811
v 0.196737 -1.285408 3.183982
v -0.018482 1.482202 2.254182
v -0.533722 -3.887661 3.268091
v 0.045868 3.493451 -5.044044
v 0.556910 2.374441 -3.754952
v 0.109072 2.272361 -0.662188
v -0.298579 -0.632067 -2.168936
v 0.515914 -1.565151 2.589112
v 0.405174 -4.061344 -1.947812
v -0.676434 -0.771753 -0.628654
v 0.936375 -1.001963 -1.715640
v -0.963116 -3.906552 2.382172
v -0.024640 -0.542750 1.707476
v -0.465496 1.970696 -3.160962
v 0.878389 -1.456459 2.449937
v 0.049395 1.607391 0.703379
v -0.133143 0.546339 2.853573
v 0.352740 -1.764435 -1.550468
v -0.901243 0.686361 0.531208
v 0.833754 0.830999 2.670107
v -0.338196 0.590152 -2.422666
v -0.998243 -3.826077 2.602779
v -0.971871 -3.914395 2.800148
v -0.884867 -4.009814 2.849866
v 0.065610 -1.922548 4.173912
v 0.167339 -0.414091 2.419109
v -0.513017 3.607117 -3.394920
v -0.769358 -1.402833 -1.860728
v 0.479905 3.829528 -2.974977
v 0.862877 -2.029249 3.169668
v 0.573976 -2.203664 3.204248
v 1.020044 -0.793578 1.892465
v -0.454983 3.907362 -2.395175
v 0.892833 -3.661583 2.415133
v -0.621177 -1.082471 1.630432
v -0.343783 -1.080974 1.950634
v -1.003998 -3.808425 3.092032
v 0.830723 -0.858875 -1.330703
v -0.458253 -3.439605 -1.963515
v -0.232089 -0.201610 3.855889
v -0.544363 -0.872788 1.439357
v -0.962327 -3.904181 3.173110
v 0.065987 3.278169 -4.628946
v 0.448308 3.236131 -1.472691
v -0.477971 3.478638 -3.662942
v -0.880732 -3.645661 2.436533
v -0.162229 1.862527 -3.161363
v -0.601175 3.606029 -2.260696
v 0.140604 -1.832430 4.101314
v -0.589931 -3.784280 -1.476565
v 0.094210 3.440718 -4.031464
v 1.109605 0.272580 -1.953311
v 0.993981 1.143676 -1.087884
v -0.158858 -0.641349 1.601186
v 0.849004 0.557418 -2.264339
v -0.473119 2.366274 -1.447765
v 0.529364 -3.892920 3.260840
v -0.881453 -3.453534 2.710655
v -0.809432 -3.764283 2.263980
v -0.975768 -3.635324 2.649083
v -0.260694 1.822378 -3.329873
v 0.511602 2.255365 -2.001240
v -0.984550 -3.563454 2.921866
v -0.966085 -3.666214 3.180573
v 0.537204 1.225228 -2.184996
v -0.907289 -3.690659 3.261737
v 0.613187 1.315696 0.441599
v 0.841157 -2.448596 2.873680
v -0.080977 -0.207056 3.178566
v 0.300902 -0.868707 -0.775611
v -0.661374 1.539484 -0.494263
v 0.326417 0.847246 2.852421
v -0.451051 -1.365799 2.312212
v -0.045283 -2.615080 4.032595
v -0.028611 1.096203 3.474078
v -0.269156 -0.847718 2.083740
v 0.446528 1.939761 -3.415258
v -0.507569 -3.630884 2.438273
v 0.856648 -1.507582 3.064990
v 0.085086 -0.915844 -0.076129
v 0.971037 -0.211936 2.725221
v 0.508361 2.779901 -1.665042
v -0.892694 -3.337796 2.868488
v 0.288032 2.585750 -4.107683
v 0.378403 -1.146143 2.013801
v 0.850539 -0.870230 -2.051606
v -0.919102 -1.331212 2.258886
v -0.831871 -0.396766 1.116615
v -0.375077 -0.485389 2.668954
v 0.840697 0.867332 0.456987
v -0.992661 -1.229492 2.336935
v 0.800537 -3.802504 2.266155
v 0.472106 -1.397986 2.270662
v -0.140857 -2.494603 3.943696
v -0.565522 2.079174 -3.204751
v -0.168542 -1.672099 3.169217
v -0.263345 -0.599250 2.349277
v 0.151299 -2.520942 3.997910
v 0.208416 -3.592124 -1.565971
v -0.421590 1.534341 -0.235128
v 0.823301 -1.353134 -1.568016
v 0.895089 -0.604216 -1.197505
v -0.142054 3.298839 -4.683946
v 0.974362 -0.693058 1.559645
v 1.061356 -0.600466 1.742139
v -0.286998 1.380021 -3.970559
v 0.893243 -1.270650 2.792367
v 0.716083 -2.298279 2.755869
v 0.160545 -1.223210 3.835762
v 0.766203 -1.714643 -1.756576
v 0.049513 3.580607 -5.222976
v -0.417635 1.908823 -3.397985
v 0.889977 0.051271 0.717917
v 0.454458 -3.076672 -1.363277
v 0.615603 1.329119 2.207777
v 0.290625 -1.811608 3.551583
v -0.985191 -1.036641 2.553056
v 0.168260 -1.648299 3.979363
v -0.137476 1.269486 3.125247
v 0.646762 -2.665483 -1.759102
v 0.150322 3.796569 -3.708486
v 0.423593 2.727765 -1.267207
v 0.610022 3.526376 -3.146151
v 0.121985 -0.726302 -1.752938
v 0.971512 0.651575 1.252049
v 0.623417 1.711292 -1.903197
v -0.984342 -0.918690 -1.798169
v -0.185608 -3.646354 -1.697830
v 1.112397 0.648895 -1.760720
v -0.963065 -1.017208 1.881891
v 0.267336 1.341273 -4.197412
v -0.511070 3.091638 -3.141917
v 0.402817 1.539727 -0.220350
v -0.413885 -2.704842 -1.405725
v -0.983457 -1.158735 2.151787
v -0.567063 2.457074 -2.682423
v -0.577317 -1.972248 -1.835194
v -1.005031 -0.575863 2.474930
v -0.615189 0.135196 2.928430
v 0.490712 3.659222 -3.671452
v 0.950303 -0.513428 1.338258
v 0.631450 -2.254721 -1.337041
v -0.109537 0.198117 -2.428041
v 0.862004 -3.996282 2.323914
v 0.154009 -2.358165 4.289544
v -0.115614 -0.825380 3.142313
v -0.842947 -0.901353 -1.367361
v 0.699730 -2.940840 -1.570645
v -0.981961 -0.847814 -1.589428
v 0.964517 -0.769933 -1.993296
v 0.540080 1.476999 1.862499
v 0.472050 3.496881 -3.705871
v -0.167798 1.516073 -0.054899
v -0.552648 3.822288 -2.915146
v 0.568679 3.803780 -2.505463
v -0.479093 -1.300603 2.053083
v -0.188679 -0.530373 2.264361
v -0.397894 3.590959 -3.764814
v 0.132597 2.036336 -4.297316
v 0.443137 -2.586870 -1.360742
v -0.059742 -2.472490 4.396394
v -0.060898 3.508056 -4.814713
v 0.354433 -3.166201 -1.810319
v -0.538741 1.656281 -0.593274
v -0.649031 -1.614483 -1.866509
v -0.516621 -3.928744 2.977563
v -0.047436 -1.666730 4.093853
v 0.548231 2.130516 -2.978914
v 0.326250 2.043849 -2.560222
v 0.876168 -3.992409 3.198728
v 0.564921 -3.271942 -1.784501
v 0.052197 0.977929 3.582340
v -0.824256 -0.874486 -2.061250
v -0.528560 -2.481599 2.899293
v 1.063808 0.080419 1.218936
v -0.504469 -3.628028 -2.152412
v 0.600936 -3.997019 -1.783471
v -0.566416 -2.962098 -1.419923
v -0.030889 1.025249 -3.671772
v -1.008187 -0.651015 1.601023
v -0.257014 -1.003773 3.562770
v -0.446394 -3.381433 2.868942
v -0.290088 -1.605834 3.734673
v -0.196721 1.202657 2.940102
v 0.476140 -3.545445 -2.069551
v 0.520313 3.001756 -3.529404
v -0.532764 2.949644 -2.800840
v 0.986279 0.469170 0.968060
v 0.972898 -3.883907 3.177434
v 0.280191 2.867167 -4.045254
v 0.020180 1.433472 2.366985
v -0.955874 -0.604096 -2.079273
v 1.030787 0.221848 0.065508
v 0.213821 -0.596402 2.250468
v -0.934211 0.568243 0.927891
v -0.656712 -0.982805 -2.078771
v 1.113102 -0.492352 1.854138
v 0.191094 3.348451 -4.005157
v -0.965407 -0.675889 -1.465881
v 0.544849 -3.393553 2.677851
v 0.869885 -3.204278 2.820427
v -0.724096 1.483811 -1.849813
v 0.214242 -1.971831 3.716061
v -0.152761 3.353732 -4.438136
v 0.160210 -2.391295 3.755287
v -0.553094 2.123114 -1.441808
v 0.246431 0.518391 -2.422167
v -0.544096 -0.450590 0.887857
v 0.851451 1.170561 -2.009074
v 0.950562 0.648446 0.361894
v 0.727212 -3.096950 3.295015
v -0.508116 -0.169994 -2.426822
v 0.052264 1.750567 -4.410057
v 0.362505 -3.386680 -1.411327
v -0.034059 3.581405 -4.893246
v -0.177426 3.369987 -4.012921
v 0.144910 -2.275138 3.515776
v -0.886227 0.982733 1.161844
v 0.377495 1.120146 -2.312643
v -0.339212 -4.033345 -1.823419
v 0.606923 3.076666 -1.801878
v 0.839540 1.321746 1.881552
v 0.867968 1.227503 -0.261196
v 0.159002 2.535856 -0.836698
v -0.834751 -1.231769 -1.866346
v -0.738219 1.565710 -0.794120
v -0.521357 1.475213 1.900970
v 0.179133 1.824058 -0.493891
v -0.600158 3.083285 -2.134761
v 0.462340 2.104802 -3.684282
v -0.163519 1.136726 3.307280
v 0.775729 -1.326650 -1.874818
v -0.340520 -0.757041 0.236866
v 0.994402 0.499051 -2.117680
v 0.197705 -0.825101 3.302315
v -0.217017 -3.810310 -1.607715
v -0.005540 1.259685 3.311383
v 0.562916 -1.191687 -1.974976
v 0.769377 -1.745853 -1.430920
v -0.824147 -1.136400 -1.416933
v -0.964334 -0.660116 2.632317
v -0.887452 -0.584093 2.783363
v 0.663764 -0.567799 0.106673
v 0.399369 1.346008 2.399601
v -0.055288 -0.013691 -2.387215
v 0.638557 -3.305067 -1.554671
v -0.303096 2.224159 -4.071184
v -0.163343 -1.108998 3.151475
v -0.504497 -1.617075 2.645995
v 0.891809 -0.579762 2.779866
v -0.971474 -0.494645 -1.173237
v 0.516434 -1.717709 -1.346941
v -0.743982 0.194269 -2.382497
v 0.846679 -1.323676 -1.683322
v -0.182370 -0.599803 3.783240
v 0.426502 -3.828955 2.406639
v -0.128140 -3.848580 -2.091156
v 0.845007 -0.790245 1.417304
v -0.350014 -0.863404 -0.089829
v -0.074673 1.511988 0.491651
v -0.087910 1.057048 -2.424950
v 0.949806 0.020272 0.958363
v -0.714609 -2.377293 2.761992
v 0.886548 0.289075 2.867402
v -0.042840 0.006752 3.935086
v -0.173806 2.983211 -4.132688
v -0.950006 -0.511438 -0.683877
v 0.573471 2.076985 -1.862265
v -0.652375 -2.617698 2.850559
v -0.154078 -0.303765 -2.355994
v 0.564414 3.712912 -3.176150
v 0.654639 0.463871 -2.420208
v -1.014734 -0.331647 2.620726
v 0.426540 -3.770932 3.168601
v 0.058823 -1.270825 3.128579
v 0.353212 3.254683 -3.788224
v -0.958567 -0.312922 -2.164274
v -0.153201 2.792286 -4.128401
v 0.465838 -2.369593 -1.892103
v 0.872388 -2.121779 2.798927
v -0.485792 2.703525 -3.999145
v 0.659849 1.333193 0.048224
v -0.310627 1.546515 0.712154
v 0.436860 -1.347046 2.653517
v -0.532711 0.970871 -2.297247
v -0.596568 2.654356 -3.810440
v -0.653709 -3.228338 -1.448977
v -0.468570 -3.420053 -1.385643
v 0.196240 -3.583426 -1.769282
v -0.303618 -3.685486 -2.165060
v -0.316743 1.248488 2.661752
v 0.224669 1.181599 2.746636
v -0.127703 0.730627 3.676811
v 0.502182 2.027286 -2.195778
v -0.626321 -0.731378 1.292177
v 0.582053 0.788613 2.817393
v -0.504500 2.348130 -1.731164
v 0.235869 1.848471 -3.246027
v 0.186053 -0.488953 -2.291696
v -0.234278 -3.507300 -1.872137
v -0.103524 3.785767 -1.838995
v -0.154498 3.066800 -1.148184
v 0.449306 -1.680483 -1.420523
v 0.188225 -0.219737 3.309713
v 0.984431 -0.472007 -0.835267
v 0.154652 0.900048 3.573927
v -0.755034 -1.820512 -1.726941
v 0.047352 3.668704 -5.129308
v -0.977760 -0.347502 -0.376642
v 0.134553 -1.686916 3.154338
v 0.784168 0.977288 -2.170977
v -0.224249 2.009316 -2.776042
v -0.290540 -1.922657 3.406098
v -0.596242 2.948729 -1.608463
v -0.048128 -2.380476 4.393535
v 0.172874 0.300575 3.800614
v -0.907090 -1.368823 2.527341
v -0.538282 -0.320754 -2.367113
v -0.750261 1.408290 1.257469
v 0.475123 1.684532 -2.190091
v 0.054489 0.594402 3.771798
v -0.979753 -0.212832 -0.128132
v 0.333691 -0.917232 -1.398895
v 0.762893 1.520406 -1.123113
v 0.599505 2.822454 -3.568244
v -0.393343 -1.123523 -1.605249
v -0.434390 3.774723 -2.100945
v -0.766576 1.083953 0.731689
v -0.266097 -0.460045 3.382486
v -0.310607 -0.571945 0.657374
v 1.114503 0.670310 -1.100154
v 0.768105 -2.221640 -1.435238
v 0.236937 -1.351953 3.654413
v -0.409689 2.537767 -1.344597
v 0.443698 2.437810 -4.002641
v 0.073948 -0.464215 2.163939
v 0.728992 -2.462959 -1.695306
v -0.167287 -2.079148 4.174581
v 0.684462 -0.330783 0.496782
v 0.563368 3.256266 -3.005561
v 0.117803 2.778121 -4.146351
v -0.633208 1.134282 2.558498
v 0.616244 -3.068328 -1.470334
v 0.435172 -3.532325 2.743878
v -0.048075 -0.396204 2.376525
v 0.364375 -1.807553 -1.714243
v -0.252612 -2.383375 -1.698969
v 0.597920 3.099186 -1.674343
v 0.658156 -1.378311 2.056922
v 0.495005 -0.488761 0.593214
v 0.452389 -3.584986 3.188387
v 0.900757 -1.679320 3.070418
v 0.826497 -0.655569 -0.364857
v -0.211325 -0.606678 1.003407
v -0.155168 -1.522786 3.966313
v 0.445249 -1.309132 -1.857186
v -1.001754 0.043916 2.774905
v -0.086111 -1.270864 3.897630
v 1.064046 0.488845 2.562220
v -0.567034 3.062503 -2.923773
v 0.648025 -3.638982 3.412940
v -0.783723 1.176926 -2.066118
v -0.547017 -3.103894 2.831861
v 0.790788 -2.112629 2.730114
v 0.353409 1.910232 -2.381740
v -0.927946 0.442137 -2.261844
v 0.346579 -0.411733 2.638375
v -0.415286 1.321625 2.428626
v -0.524545 -0.366256 2.802120
v -0.933109 -0.185943 2.764651
v -0.571080 2.174828 -2.980285
v -0.254132 1.607446 -4.322407
v 0.432776 -2.044796 -1.852348
v -0.300343 0.216842 3.526187
v -0.148719 -0.565769 3.229975
v -0.751819 -1.412558 2.173096
v 0.563733 3.378786 -1.934389
v -0.968176 0.245438 0.358996
v -0.290666 -0.852974 -1.395455
v -0.649788 1.324704 -2.070745
v -0.545397 -1.228033 2.809060
v 0.415974 3.752412 -3.496219
v -0.283862 1.716388 -3.652976
v 0.655405 -1.165232 2.891543
v -0.252775 -0.656379 1.374343
v -0.884901 0.212493 2.887043
v 0.531819 -1.721666 3.082899
v 0.659286 -0.372948 0.905905
v -0.241028 1.718727 -0.429613
v -0.452268 1.487470 0.714559
v 0.285540 -0.815322 -1.337605
v -0.312515 3.326261 -1.430473
v 0.597016 -2.074495 -1.873382
v -0.918810 0.385963 0.808195
v 1.000793 -1.119184 2.132011
v 0.148303 1.374681 -4.321225
v 0.722684 -0.711896 -0.841543
v -0.655475 -1.373336 2.047785
v -0.115651 -3.719883 -1.823169
v -0.470566 3.028032 -3.737226
v 0.917564 -0.917054 2.639240
v -0.052295 1.360906 3.087976
v 0.921360 -1.285071 2.513397
v -0.786102 -2.238330 -1.493193
v -0.293169 -0.803927 -1.060002
v 0.719538 -2.496720 -1.540731
v 0.536932 3.573776 -3.382279
v -0.352406 1.954210 -2.978985
v -0.583289 -3.379920 -1.877385
v 0.408082 -1.583382 -1.573628
v -0.552738 -2.307605 -1.321789
v 0.343931 -2.313687 -1.349497
v -0.675487 1.328772 2.155249
v -0.209608 1.802690 -0.509204
v -0.641652 -1.239601 1.865835
v -0.343013 -0.805889 -1.979436
v 0.232234 -2.379668 -1.645158
v -1.066043 0.636189 -1.991052
v -0.165797 1.158459 -3.606373
v -0.338512 -2.971871 -1.692301
v 1.111271 0.386955 1.638187
v 0.490874 -0.591126 0.385951
v 0.742702 1.656704 -1.475245
v -0.960937 0.600929 0.352668
v -0.117611 1.312669 -4.297614
v 0.911248 -2.278245 3.095671
v 0.652156 1.591304 -0.577066
v -0.621586 1.698805 -1.887290
v 0.234095 0.831382 -2.348005
v -0.542104 -2.517237 -1.825260
v 0.216639 3.922729 -3.397915
v 0.645208 -0.686808 -2.183576
v -0.164495 1.940265 -2.583553
v -0.504646 2.701844 -1.535323
v 0.110683 -0.620449 1.311695
v 0.396286 1.975499 -2.994393
v -0.201628 -2.266058 -1.625950
v -0.139739 -0.567022 1.944277
v 0.807680 -0.187591 0.871201
v -0.333189 0.807063 2.835472
v 0.652422 -2.203054 -1.903501
v 0.079233 -0.980696 3.077723
v 0.331309 3.028951 -1.246708
v 0.934466 0.251484 0.471649
v -0.001887 0.136061 3.157809
v -0.045751 2.120645 -4.288523
v -0.651600 1.484764 1.256301
v 0.959428 -0.484453 -2.094098
v 0.432254 0.252869 2.876473
v 0.329229 -3.821208 -2.278945
v -0.700511 1.438481 1.675250
v 0.255532 -0.648369 -2.136599
v -0.446380 1.588637 1.169046
v 0.206067 -0.710686 1.659997
v 0.507317 3.888738 -2.728480
v -0.999273 0.653952 1.619532
v -0.286089 3.744133 -3.681514
v 0.871086 1.365794 -1.716945
v -0.570505 3.072696 -2.607465
v -0.762101 -1.828435 2.587005
v -0.707668 -2.538803 -1.565160
v 0.770586 -2.019195 -1.695976
v 0.844724 -0.950575 2.763880
v -0.070837 1.051680 -3.592228
v -0.259849 0.135723 3.794832
v -1.040955 0.582471 2.514593
v 0.746223 -1.683064 3.200338
v -0.602177 -0.622956 0.182833
v -0.171195 -0.745316 -1.230479
v 0.793384 -1.315607 -1.452549
v 0.175782 1.446168 -3.643679
v -0.920870 0.828858 1.483894
v -0.695927 -3.237221 2.712542
v 0.990926 1.230722 -1.663818
v -0.677165 -0.783310 -1.173838
v -0.505788 2.069367 -2.091048
v 0.268028 -0.823596 2.078681
v -0.772515 -3.435001 2.616166
v 0.055294 3.356020 -4.160361
v 0.806211 -2.284797 -1.566702
v -0.642799 -1.308386 2.949937
v 0.152640 0.455067 3.206869
v 0.211668 0.834389 3.001952
v 0.565675 -1.623497 2.494537
v -0.120951 1.227720 -4.185843
v -0.845504 -0.830415 2.748830
v 0.305670 1.632892 -2.297531
v -0.831647 -0.206699 0.934949
v 0.192379 -0.613721 0.700268
v 0.575134 0.022770 2.884267
v 0.385882 -1.188655 -1.589706
v 0.448559 -3.891485 2.895740
v -0.947752 0.618885 2.671431
v -0.281359 -1.380929 3.588410
v 0.060189 1.060832 -3.718973
v -0.849697 -0.611119 -2.176467
v 0.795206 1.134699 2.397051
v -0.599158 -3.928761 -1.692512
v 0.606562 2.283618 -2.949244
v -0.867222 1.253582 1.344479
v 0.945379 -0.365080 1.212955
v -0.371965 -0.982909 2.402286
v 0.616617 -1.578082 -1.901057
v -0.409474 -1.764962 -1.750747
v -0.554544 -1.169617 1.739011
v -0.313736 -3.478180 -1.956754
v -0.335779 -2.515517 -1.446489
v 0.084279 -0.563698 1.672120
v 0.703477 1.600744 -0.804736
v 0.305847 -1.444381 3.509937
v -0.844905 -2.093436 3.194226
v -0.379707 2.986793 -3.910524
v -0.143916 1.163107 -3.847043
v 0.235266 -2.233304 -1.455573
v -0.300985 -3.065787 -1.557880
v -0.786585 1.612470 -1.377040
v -0.697737 -3.505109 3.417020
v 0.658593 1.311122 0.726013
v -0.564377 -1.590704 -1.884002
v -0.028922 3.376572 -4.916902
v 0.674558 -3.433529 -1.722542
v -0.702375 0.796317 2.791363
v 0.789131 -1.311076 2.948414
v -0.261267 0.612634 3.550200
v 0.037036 3.086581 -4.447709
v -0.421640 2.280021 -1.158169
v 0.541602 -3.618209 2.423931
v -0.214971 0.741221 2.913485
v 0.662612 0.484866 2.869344
v -0.968257 0.930624 0.091346
v 0.644929 -1.531497 2.360823
v 0.092384 0.296949 3.894164
v -0.064009 -2.590269 4.286926
v 0.757043 1.013368 0.739010
v 0.343772 1.446860 -2.304906
v 0.611569 -1.800574 -1.334893
v 0.567120 -2.999874 3.205210
v -0.614483 1.413728 0.834069
v -0.774399 1.256387 1.016226
v 1.008391 1.020316 2.019177
v -0.334052 0.242720 2.840113
v 0.286593 -1.909392 3.407604
v -0.321198 -3.238680 -1.837689
v -0.962140 0.898769 2.469212
v 0.881195 -4.028282 2.684380
v -0.560415 -4.017775 -1.787010
v -0.032907 0.327882 3.912380
v 0.433659 -0.880734 1.473599
v -0.657276 -1.340659 -1.345526
v -0.780485 1.568074 -1.073840
v -0.073187 3.579439 -5.092549
v -0.562883 -4.024310 2.349842
v 1.068129 -0.213786 -1.221202
v 0.429369 2.158489 -2.652349
v 0.527171 3.008427 -2.855700
v 0.248749 -0.916385 -0.678589
v -0.905808 -0.139626 -2.268728
v 0.735969 -1.165498 -1.994594
v -0.967060 1.181956 -0.417045
v -0.206232 -2.126666 3.520985
v -0.106179 1.526446 -2.423617
v 0.673443 -0.787419 -0.424763
v -0.897977 0.086506 0.565649
v -0.049911 3.561578 -5.177961
v 0.017489 1.585641 -4.434210
v -0.295768 2.975135 -1.189286
v -0.675502 0.360239 -2.421202
v 0.957740 0.365583 -2.233855
v -0.912979 1.214508 1.617402
v 0.183427 1.669505 -0.352096
v -0.246820 -2.246572 -1.470659
v -0.991846 1.047722 2.120696
v 0.699545 -1.364170 -1.909798
v -0.176868 1.391758 2.424371
v -0.539707 -3.824210 2.253366
v -0.494390 2.232971 -2.520795
v 0.770412 -2.945550 2.790357
v -0.414720 -3.659844 2.574219
v 0.457036 -0.802349 -1.115260
v -0.856714 -1.822762 2.634251
v -0.075109 3.083960 -4.410224
v -0.451435 -0.871815 -0.454401
v 0.309517 2.133059 -4.022126
v -0.991970 1.152398 -1.068481
v 0.828897 -3.782303 3.376867
v -0.461272 -1.129250 1.764520
v 0.453999 -1.178465 -1.417603
v -0.039026 -0.715040 3.147001
v -0.086301 2.262290 -0.649395
v 0.633302 -0.723342 -0.095138
v -0.324387 1.627017 -2.333313
v 0.522622 3.003970 -2.433159
v -0.529116 2.861137 -1.811626
v 0.879458 -0.501926 -2.167917
v -0.141638 3.313917 -4.168625
v 0.212578 1.673623 -3.549631
v -0.849968 -0.631807 1.304536
v 0.271609 -3.758324 -1.470002
v 0.841158 -1.387653 2.209701
v 0.640966 -0.504066 1.048607
v 0.693183 -1.447927 3.083102
v -0.994935 1.117770 1.787170
v 0.031637 0.640491 -2.335109
v 0.910882 0.650758 0.549584
v -0.514780 -2.733917 2.966430
v -0.184751 -0.804569 3.258910
v 0.313458 -0.913304 1.713754
v 0.214928 1.366725 2.445394
v 0.327899 -2.270806 -1.801059
v 0.509592 2.236655 -1.471998
v -0.336929 -2.213252 -1.359854
v -0.878958 1.283857 -1.821020
v 0.979131 0.867149 -2.014024
v 0.552367 2.933397 -2.902483
v 0.902968 -2.746171 3.057069
v -0.509512 0.308418 2.897327
v 0.515536 -0.875630 -1.261671
v -0.796002 1.322492 -0.215347
v 0.280085 -0.834881 -1.880425
v -0.059036 0.424098 -2.390880
v -0.279399 2.953758 -4.028072
v 1.043035 -0.240456 -0.845397
v -0.959645 1.385751 -1.420306
v 0.968524 -3.940472 2.837747
v -0.432664 -0.871349 -1.286634
v 0.118795 -0.625653 1.591171
v 0.848479 0.611318 2.775328
v 0.259470 -1.733741 3.251318
v 0.259885 -3.478252 -1.475086
v -0.660833 -0.516381 1.096103
v -0.862138 -4.023091 2.413486
v 0.371989 3.884796 -3.292554
v -0.838123 1.140324 2.341422
v 0.972572 -0.206813 -0.059324
v -0.137888 -2.382131 3.641097
v 0.967326 1.044358 2.200987
v 0.033270 3.371200 -4.334715
v -0.657685 -1.868920 -1.792979
v -0.562873 1.463905 -0.156367
v 0.143822 1.287767 -3.587812
v 0.757222 -0.900318 1.460401
v 0.420144 -0.887930 -0.460615
v 0.254452 1.665997 -4.293115
v 0.278549 1.383246 -3.863952
v -0.831169 -3.935937 2.249307
v -0.064729 -0.375433 3.909877
v 0.413861 -0.752776 2.663346
v 1.074603 -0.213028 1.389870
v 0.450930 -2.722174 -1.416835
v 0.075601 3.671293 -1.698915
v 0.989807 -3.617513 2.706622
v 0.247994 2.553905 -0.899550
v 0.116738 3.284307 -1.328753
v -0.892384 -3.886130 3.276400
v -0.777952 -3.787230 3.387603
v -0.227341 3.931370 -3.184760
v -0.146144 0.300790 2.818094
v 0.180990 0.640776 2.855145
v 0.594294 -0.167191 2.831973
v -0.241412 -3.638762 -1.461292
v 0.751494 -0.214224 0.697514
v -0.667567 1.281073 0.302697
v -0.430831 2.000967 -0.915443
v -0.601746 3.235812 -2.856736
v 0.308240 1.757604 -3.859252
v 1.091570 0.837973 -0.455094
v -0.849511 -3.443971 3.312877
v 0.256996 -2.107466 -1.652411
v -0.260209 1.605911 0.965005
v -0.431129 -1.354205 2.499135
v -0.294150 -0.262089 2.682288
v -0.223760 2.535140 -0.870966
v 0.077434 -0.722040 -1.221443
v -0.574786 1.823987 -1.012234
v 0.203418 0.439801 3.651253
v -0.940506 -0.869363 -1.951893
v 0.026110 -2.367089 3.529831
v 0.225681 1.606695 1.528407
v -0.049158 1.867888 -0.453327
v 0.661965 -0.985368 -2.077742
v -0.345063 -1.946084 -1.462269
v -0.771231 0.813150 2.741060
v -0.582829 2.856501 -3.193586
v -0.432034 -3.873724 2.355475
v 1.036280 -0.084336 -0.606888
v 0.539555 -2.198473 2.849774
v 0.256498 -1.148664 3.383542
v -0.756680 -1.367982 -1.423873
v -0.910783 -3.467522 3.097223
v 0.257335 2.020178 -2.804144
v 0.346544 -0.613527 1.109574
v -0.126853 -2.255754 3.485592
v 0.631863 -2.642093 2.862579
v -0.782191 -3.345762 3.317202
v 0.522057 -2.162429 3.110024
v 0.281881 -3.881343 -1.584869
v -0.241156 3.650169 -1.713109
v -0.067839 2.966745 -1.054694
v -0.565666 -2.576894 -1.357632
v 0.515314 -0.393291 2.784611
v 0.155376 1.254204 -4.224098
v -0.168142 0.063777 3.292211
v -0.555806 -2.156431 2.796851
v 0.061171 0.779216 3.686084
v 0.555213 -3.906196 -2.279470
v 1.084606 1.133327 -1.474184
v -0.347157 3.891982 -3.291879
v 0.689620 -0.952693 -1.301080
v 0.664813 1.470820 1.648034
v 0.687168 -1.972851 -1.358745
v 0.178507 1.529254 -0.059579
v 1.079546 0.287534 1.289298
v -0.800282 -3.160930 2.765360
v 0.889928 1.051321 1.191884
v -0.559263 -2.768538 2.875206
v -0.701724 -3.934291 3.285840
v -0.753081 -3.089792 3.292929
v -0.710294 -1.272881 -1.944400
v -0.502221 -2.324542 3.027172
v -0.234793 -0.912780 -0.691927
v 0.042382 3.483117 -4.681456
v 0.658251 -0.912079 2.818315
v -0.175335 1.607137 1.725971
v -0.665318 -3.502315 2.516529
v 0.558101 -3.446115 -1.424314
v 0.643317 1.812951 -1.603126
v -0.751020 -2.884270 2.773772
v 0.474687 -0.221010 -2.424040
v 0.494072 -3.793515 -2.278793
v -0.165054 -0.918012 -0.092992
v 0.360932 3.926967 -2.916295
v -0.451867 -2.045006 -1.333133
v -0.447853 -0.938843 2.652400
v -0.853844 -2.767480 2.874649
v 0.382337 -1.119872 -1.829860
v -0.899732 -2.721790 3.101267
v -0.207185 -0.631058 3.394288
v -0.885284 -2.027029 3.112497
v -0.472462 1.816196 -2.193935
v -0.438896 -3.200244 -1.353954
v -0.140276 -3.945971 -1.913307
v 0.688653 -0.423444 -2.309741
v 1.098350 0.515869 -1.946133
v -0.492632 -3.320981 3.042963
v -0.845715 -2.898898 3.206461
v -0.895959 -2.668893 3.001407
v -0.421140 2.077532 -2.790812
v 0.862627 -1.013431 1.672711
v -0.307597 1.943337 -3.918507
v 0.022598 -0.212118 2.575112
v -0.441801 -3.823988 -2.301341
v -0.836504 -2.496897 2.860648
v -0.563678 -0.099627 2.836755
v 0.600360 -0.793961 1.335034
v -0.651692 -0.954372 -1.297358
v -0.859262 -1.284165 -1.647605
v -0.660265 -2.046738 3.213842
v 1.108707 0.341697 2.642984
v -0.683231 -4.039144 2.824729
v 1.006760 -1.099853 2.347158
v -0.858551 -2.171852 2.806079
v -0.545453 -3.947299 -2.271408
v 0.205718 0.476055 3.364786
v -0.908981 -2.148834 2.966906
v 0.641644 -1.173826 1.745794
v 0.363016 2.320370 -0.919937
v -0.150332 -1.835848 4.076645
v 0.852645 0.823843 -2.212455
v 0.136894 -3.705009 -1.782904
v -0.560877 -2.198808 3.202525
v -0.240620 1.317970 -4.188223
v 0.918094 0.161180 0.812534
v -0.567860 -1.968912 2.688471
v -0.009022 -2.497506 3.763258
v 0.547934 -4.007343 -2.220630
v 0.308988 -0.589076 2.534036
v -0.896533 0.762230 0.990832
v 0.615522 -2.100764 3.189169
v 0.703298 -1.289602 -1.357324
v 1.090689 0.838690 -1.751094
v -0.687345 -3.452002 -1.797703
v -0.435309 -1.174537 -1.432546
v -0.150145 -0.736616 -1.851832
v -0.351680 -0.515152 -2.279434
v -0.765281 -2.094194 2.721920
usemtl 
s off
f 69 756 1069
f 253 500 1141
f 1223 750 837
f 715 696 347
f 45 1002 1084
f 594 1352 770
f 672 651 1077
f 541 23 504
f 48 336 343
f 1106 1059 483
f 914 1236 464
f 1037 1055 101
f 26 2 755
f 980 122 485
f 345 1045 613
f 588 241 487
f 1297 1234 517
f 368 359 871
f 494 773 331
f 1 755 2
f 372 868 896
f 956 1056 454
f 1116 429 1246
f 1184 519 854
f 893 1359 874
f 876 1225 1272
f 22 1 2
f 1101 501 1238
f 711 441 1151
f 290 492 746
f 25 1 22
f 405 1090 73
f 871 1104 1024
f 410 144 900
f 1285 717 1111
f 760 238 192
f 1182 30 366
f 166 1300 54
f 927 1001 605
f 1224 506 918
f 318 916 765
f 738 288 214
f 340 456 620
f 699 1248 966
f 1295 1157 1305
f 1347 688 837
f 170 615 544
f 492 192 238
f 226 348 730
f 281 746 206
f 507 111 1158
f 860 596 488
f 1040 1099 462
f 69 823 721
f 550 1153 354
f 989 337 1254
f 249 323 248
f 412 1156 678
f 627 1318 809
f 803 1145 1254
f 893 85 1359
f 50 43 82
f 207 850 576
f 772 607 512
f 1063 663 783
f 985 295 931
f 1043 16 808
f 43 50 52
f 933 1221 329
f 714 961 109
f 507 734 111
f 293 585 1157
f 50 94 52
f 283 1057 287
f 1346 681 1088
f 693 742 118
f 297 124 796
f 744 77 940
f 1259 542 277
f 631 872 1009
f 369 156 618
f 1357 370 271
f 763 1287 700
f 2 26 193
f 742 600 1342
f 792 134 152
f 1181 399 756
f 742 624 600
f 1054 1170 121
f 326 338 883
f 450 532 1067
f 1283 613 1354
f 963 217 1175
f 681 958 409
f 771 6 159
f 1209 322 117
f 943 1149 866
f 805 333 652
f 487 241 911
f 687 589 636
f 503 474 168
f 25 22 848
f 848 22 158
f 291 1342 600
f 778 134 35
f 1256 365 1186
f 468 466 116
f 975 340 153
f 287 1057 416
f 921 593 1243
f 687 205 319
f 170 1040 615
f 910 1158 805
f 1186 1082 709
f 82 94 50
f 1163 644 950
f 129 719 314
f 91 1226 398
f 3 441 711
f 924 1340 200
f 268 951 973
f 168 1267 1252
f 460 375 872
f 1001 402 605
f 175 1305 834
f 6 1293 437
f 701 537 998
f 170 473 949
f 89 321 625
f 135 1256 370
f 963 1076 1014
f 1325 324 88
f 929 385 1010
f 190 771 159
f 94 136 102
f 378 238 760
f 1087 456 975
f 1238 1249 1101
f 875 1118 1081
f 77 1008 59
f 322 1209 464
f 359 394 819
f 1012 1082 1146
f 1059 1106 668
f 477 114 1160
f 219 712 502
f 795 381 1316
f 73 1082 405
f 141 193 26
f 1168 375 804
f 982 120 1130
f 1314 17 419
f 177 1247 65
f 1352 793 1047
f 458 1076 963
f 935 1239 762
f 59 1136 426
f 253 889 509
f 511 895 701
f 1139 338 326
f 354 277 306
f 547 1292 1320
f 1146 1186 365
f 367 46 371
f 2 158 22
f 882 169 1213
f 626 1054 773
f 324 1275 942
f 109 469 1191
f 902 608 84
f 935 1258 707
f 847 782 718
f 1060 1088 276
f 485 645 38
f 950 904 1312
f 1051 1151 872
f 956 248 323
f 82 43 258
f 198 580 105
f 1188 809 1318
f 929 783 113
f 970 1174 590
f 459 100 1021
f 907 1055 981
f 4 575 140
f 680 772 1223
f 885 152 1203
f 24 854 695
f 785 1019 1179
f 866 917 943
f 1322 56 1008
f 1122 372 1107
f 1353 606 1270
f 1145 1002 708
f 512 353 363
f 187 1163 418
f 1064 497 217
f 136 94 82
f 606 225 568
f 838 844 749
f 1272 1225 427
f 576 1203 172
f 136 137 102
f 163 411 115
f 181 835 18
f 580 805 105
f 899 998 44
f 482 628 1281
f 9 944 566
f 943 917 988
f 1121 92 795
f 594 999 70
f 504 160 575
f 149 706 1219
f 682 654 1098
f 296 521 582
f 1253 570 64
f 584 432 104
f 889 392 1009
f 146 827 189
f 193 421 2
f 812 148 452
f 431 178 600
f 307 1347 763
f 218 640 784
f 201 51 906
f 1312 473 399
f 260 1127 1259
f 679 833 1323
f 225 606 1353
f 1088 994 1039
f 505 442 797
f 1243 593 83
f 872 196 1051
f 996 934 451
f 264 1043 808
f 1266 1010 245
f 671 415 823
f 653 1259 1153
f 503 671 823
f 1163 721 1017
f 1209 914 464
f 1046 1215 316
f 32 741 1334
f 1079 128 135
f 855 643 455
f 568 161 786
f 570 270 1284
f 1314 1003 341
f 502 377 389
f 431 693 908
f 1232 429 1116
f 704 1188 1318
f 627 150 63
f 775 80 163
f 745 1199 532
f 265 116 79
f 890 720 736
f 844 1302 1290
f 64 1284 21
f 792 152 301
f 753 709 73
f 1015 254 1103
f 132 66 212
f 1072 797 1211
f 394 1183 819
f 286 1271 417
f 663 195 191
f 372 896 1107
f 971 1276 706
f 90 1123 1329
f 1272 427 967
f 1028 1298 284
f 55 896 1279
f 112 972 38
f 930 118 742
f 579 1126 346
f 502 389 139
f 291 913 1342
f 185 137 136
f 1330 273 1050
f 514 315 1152
f 659 507 910
f 257 609 1226
f 1193 564 1105
f 54 821 1096
f 614 1118 211
f 604 1306 1207
f 1147 1208 1119
f 1107 684 329
f 228 397 483
f 295 985 593
f 367 371 223
f 671 503 415
f 510 887 1265
f 1227 558 1341
f 591 570 1253
f 141 195 193
f 556 915 1130
f 513 706 1276
f 299 481 565
f 1261 411 40
f 205 687 636
f 131 1091 1003
f 785 466 468
f 165 364 316
f 1213 712 219
f 887 1322 1008
f 271 370 1124
f 196 781 131
f 459 734 507
f 661 1255 1133
f 1330 271 1124
f 998 239 1301
f 787 893 380
f 207 576 224
f 2 251 158
f 657 923 796
f 1218 706 149
f 979 1263 176
f 919 526 539
f 648 565 1245
f 167 578 1291
f 1265 77 744
f 158 251 945
f 386 863 92
f 918 689 1224
f 567 161 1160
f 1104 1202 839
f 258 1132 941
f 540 695 912
f 1079 219 128
f 150 627 95
f 250 384 1086
f 344 53 1345
f 266 353 656
f 871 1202 1104
f 804 889 1168
f 247 860 546
f 791 475 733
f 210 532 1120
f 974 1316 811
f 133 426 836
f 274 1350 752
f 761 1130 120
f 792 301 168
f 462 372 1122
f 967 427 1228
f 37 1333 266
f 1260 1197 518
f 212 461 959
f 1208 448 988
f 846 233 604
f 704 1355 1188
f 364 560 873
f 182 286 417
f 1172 234 870
f 492 238 746
f 136 229 185
f 1067 532 61
f 163 115 526
f 256 124 556
f 1211 797 442
f 527 533 1039
f 802 535 943
f 769 1351 447
f 1153 277 354
f 1090 405 995
f 1200 980 1044
f 119 577 98
f 305 143 602
f 194 87 445
f 1333 37 839
f 1122 1107 840
f 1326 406 349
f 87 194 508
f 1099 868 462
f 1102 391 27
f 784 886 1188
f 1067 61 11
f 460 96 375
f 886 1343 1188
f 341 777 955
f 952 294 226
f 652 743 275
f 164 941 557
f 230 1103 254
f 1187 41 1198
f 379 1064 175
f 656 353 28
f 125 1357 901
f 507 1158 910
f 1245 565 824
f 728 1286 325
f 1104 839 20
f 560 510 1265
f 863 73 1235
f 198 144 580
f 766 1183 479
f 750 1223 154
f 922 47 405
f 741 277 542
f 1305 175 655
f 1087 975 153
f 145 1156 1100
f 249 344 384
f 1319 1180 938
f 68 1173 1204
f 1344 1173 1271
f 88 324 942
f 167 1230 1092
f 23 1185 127
f 1134 801 646
f 1091 1125 1198
f 258 352 82
f 527 1215 533
f 736 720 430
f 1219 1240 149
f 553 192 407
f 448 1208 1147
f 1219 706 261
f 549 449 274
f 1226 91 114
f 818 197 67
f 1233 647 871
f 645 485 122
f 70 1352 594
f 907 717 1285
f 352 360 82
f 1290 572 938
f 604 1207 846
f 136 82 360
f 461 1297 959
f 996 154 772
f 78 488 1178
f 698 556 124
f 254 759 230
f 949 473 1277
f 216 758 262
f 71 285 221
f 594 969 36
f 859 447 1222
f 1341 334 444
f 695 281 723
f 321 862 386
f 1182 1123 245
f 847 718 1303
f 742 693 624
f 442 1115 1211
f 560 636 622
f 235 304 1231
f 449 549 1096
f 1243 992 1184
f 956 454 566
f 128 1012 365
f 1297 517 1038
f 1086 1332 547
f 285 71 471
f 453 1303 1317
f 960 629 385
f 177 392 253
f 577 259 819
f 1271 498 1344
f 685 10 1037
f 400 1056 323
f 490 346 737
f 1260 518 403
f 151 567 936
f 267 1289 515
f 115 1112 151
f 1287 154 996
f 148 74 358
f 1290 938 1180
f 451 252 700
f 1233 1058 647
f 1341 444 1227
f 1139 579 686
f 29 486 1004
f 867 394 359
f 695 746 281
f 402 1001 1190
f 129 609 667
f 33 1219 1046
f 1010 1266 929
f 470 566 944
f 2 421 439
f 2 439 251
f 354 428 1319
f 797 726 1284
f 886 486 1343
f 1143 809 630
f 1030 348 1306
f 837 1076 1223
f 15 1324 209
f 1270 606 1112
f 592 320 287
f 996 772 363
f 572 1290 1302
f 1048 1299 414
f 1281 215 1049
f 350 258 941
f 1275 1065 1234
f 1176 212 1098
f 352 258 350
f 560 622 510
f 911 920 601
f 859 461 212
f 176 986 1274
f 409 958 463
f 78 836 546
f 1333 839 1202
f 529 901 954
f 1011 560 1265
f 1103 230 420
f 801 739 646
f 663 1172 1205
f 356 1115 269
f 522 325 282
f 67 197 1209
f 201 482 704
f 656 39 20
f 341 247 1314
f 560 1011 873
f 20 37 656
f 304 235 696
f 904 473 1312
f 595 1072 408
f 1004 1178 29
f 1324 205 958
f 1334 599 32
f 955 1187 937
f 840 1107 329
f 1013 241 588
f 20 839 37
f 33 333 1158
f 1357 271 1200
f 166 549 274
f 887 1008 77
f 357 51 1241
f 763 1347 750
f 159 6 437
f 539 831 919
f 167 306 578
f 651 7 1077
f 376 421 193
f 1159 1198 1125
f 83 146 1089
f 553 378 760
f 744 548 1129
f 397 569 1001
f 1010 385 1201
f 788 243 947
f 215 44 1033
f 966 1192 898
f 764 745 1160
f 228 855 569
f 170 544 830
f 1214 675 181
f 1293 1094 437
f 269 252 356
f 1021 243 788
f 862 1315 863
f 483 155 1106
f 51 117 468
f 766 577 1183
f 487 911 769
f 1284 270 797
f 832 383 1316
f 305 472 623
f 771 1293 6
f 895 218 537
f 436 1273 244
f 107 536 939
f 761 900 1189
f 293 1157 1295
f 163 80 315
f 932 251 395
f 793 1352 903
f 853 1196 856
f 794 1004 486
f 958 681 1324
f 67 928 1165
f 687 670 589
f 1126 1139 326
f 999 594 1138
f 555 747 1279
f 526 919 163
f 236 348 12
f 477 161 402
f 1007 1255 661
f 84 876 563
f 682 1038 976
f 840 615 457
f 585 445 1157
f 1141 500 967
f 1202 361 1333
f 907 1285 101
f 652 873 1011
f 128 502 139
f 515 270 1093
f 981 912 723
f 266 1333 363
f 626 330 1054
f 401 882 603
f 17 1166 199
f 938 757 1319
f 360 229 136
f 956 470 1308
f 1088 1060 1346
f 72 159 991
f 194 585 842
f 850 885 576
f 917 86 1208
f 769 911 601
f 793 903 1114
f 1328 714 944
f 862 753 1315
f 331 120 727
f 1072 595 359
f 1152 424 776
f 596 718 1195
f 856 100 853
f 85 190 72
f 328 229 499
f 534 558 1018
f 437 1079 125
f 645 1131 1217
f 373 875 703
f 534 697 558
f 765 659 355
f 402 161 568
f 940 1062 895
f 1124 1307 986
f 61 302 11
f 610 990 1080
f 65 989 501
f 1073 1121 422
f 415 152 885
f 800 603 1293
f 546 860 78
f 865 832 875
f 284 1298 98
f 456 1196 791
f 125 370 1357
f 1026 802 448
f 1252 1210 1349
f 559 703 1235
f 569 855 1001
f 241 1013 732
f 482 201 906
f 20 39 1065
f 51 213 117
f 126 345 613
f 439 421 433
f 618 145 1100
f 412 841 1156
f 1277 950 644
f 970 438 1174
f 1356 237 751
f 452 148 358
f 870 234 616
f 642 522 857
f 439 395 251
f 1154 1192 966
f 65 337 989
f 1148 1078 685
f 1015 1103 592
f 374 735 1224
f 436 1227 799
f 733 484 620
f 350 993 352
f 130 699 1194
f 207 721 823
f 766 535 577
f 402 173 477
f 362 903 1237
f 749 1180 1294
f 1051 1003 1314
f 607 1335 512
f 524 919 831
f 315 1268 40
f 541 923 657
f 460 762 1034
f 70 157 903
f 1314 247 1166
f 1210 1252 1267
f 630 847 76
f 74 55 881
f 1261 40 1268
f 1294 1278 749
f 443 1020 283
f 952 923 97
f 902 563 520
f 721 1181 69
f 227 1045 345
f 679 531 607
f 1160 745 308
f 280 396 187
f 947 1140 788
f 272 660 1182
f 1058 1057 1338
f 1286 708 282
f 824 1278 1294
f 1317 874 1007
f 1026 284 802
f 548 940 869
f 255 256 1185
f 256 42 548
f 1217 34 1165
f 657 796 255
f 1126 883 790
f 586 676 1045
f 954 1200 1044
f 854 290 695
f 63 150 1128
f 153 1258 861
f 1232 278 429
f 698 915 556
f 637 548 869
f 410 765 355
f 129 210 719
f 297 730 233
f 1152 776 382
f 181 728 835
f 1291 1230 167
f 844 1290 1180
f 288 374 204
f 734 459 1021
f 858 591 1244
f 566 470 956
f 1235 92 863
f 1061 9 566
f 126 1154 972
f 421 1031 434
f 246 93 913
f 1223 716 680
f 421 434 433
f 1260 403 213
f 430 554 649
f 1296 171 737
f 1200 293 980
f 1201 1083 1029
f 382 173 1190
f 322 1019 309
f 90 245 1123
f 838 1336 1327
f 338 1139 686
f 649 1108 430
f 491 11 302
f 206 1096 821
f 298 908 684
f 616 610 1161
f 333 33 1171
f 486 29 847
f 1333 361 934
f 395 439 1041
f 1068 395 1041
f 1067 632 450
f 798 857 49
f 685 807 1148
f 668 859 583
f 100 459 916
f 1337 489 300
f 104 286 584
f 314 719 1120
f 187 810 879
f 257 424 404
f 68 1204 789
f 113 960 385
f 1118 614 1081
f 490 779 412
f 594 770 969
f 256 637 1185
f 392 909 1009
f 496 1255 1007
f 1347 1019 688
f 340 707 1258
f 1228 180 1018
f 1034 96 460
f 532 210 302
f 338 686 883
f 573 1125 1091
f 544 615 1221
f 784 1188 1049
f 581 444 334
f 208 406 300
f 388 1100 318
f 484 1032 1282
f 891 684 1107
f 1142 828 787
f 1078 10 685
f 41 1187 777
f 1116 714 1191
f 1057 280 879
f 371 1036 321
f 499 229 360
f 237 489 62
f 856 285 100
f 47 313 995
f 709 1082 73
f 1138 953 999
f 196 872 781
f 1198 41 1091
f 592 1233 60
f 552 435 299
f 188 732 672
f 465 1093 270
f 333 805 1158
f 1342 758 930
f 1241 116 628
f 433 476 439
f 433 434 476
f 1329 366 1216
f 1288 633 1048
f 209 1346 947
f 5 1317 1169
f 1165 818 67
f 16 303 905
f 701 895 537
f 1194 898 1066
f 476 1041 439
f 1154 485 972
f 419 1051 1314
f 966 1194 699
f 501 1101 392
f 291 890 246
f 171 1296 1212
f 1006 1207 1306
f 1212 332 388
f 482 906 232
f 1242 1092 1230
f 799 444 581
f 788 1140 1218
f 356 361 1115
f 1071 190 85
f 1247 183 1164
f 299 435 481
f 1257 866 81
f 914 197 925
f 874 380 893
f 769 601 1351
f 1064 929 1266
f 562 360 352
f 1151 335 711
f 47 1005 313
f 674 1204 1173
f 468 116 1241
f 1323 366 1340
f 443 493 949
f 223 371 440
f 1349 554 673
f 87 508 1043
f 85 72 582
f 1293 1251 800
f 4 334 575
f 570 591 13
f 1066 898 1162
f 767 748 190
f 458 833 716
f 592 60 1232
f 1360 838 1278
f 1073 625 92
f 81 254 1015
f 38 1217 1137
f 1127 1334 542
f 1358 954 1044
f 1197 1260 201
f 1149 943 535
f 304 1006 1306
f 665 785 1179
f 499 523 328
f 367 169 46
f 471 822 285
f 927 682 978
f 993 528 352
f 1032 484 733
f 908 1085 691
f 357 232 51
f 1316 383 208
f 817 945 545
f 408 361 1202
f 1145 803 4
f 14 1156 841
f 1257 1097 109
f 1225 184 427
f 232 906 51
f 1205 1172 870
f 1074 743 42
f 294 97 184
f 643 514 455
f 975 456 340
f 941 828 1142
f 287 1233 592
f 553 1304 378
f 479 394 148
f 524 831 1102
f 460 441 762
f 859 668 660
f 923 541 697
f 322 464 1019
f 1158 149 1240
f 831 11 391
f 1192 1283 317
f 1109 1093 642
f 716 1223 1076
f 825 656 28
f 303 530 783
f 500 339 967
f 79 466 665
f 17 199 1008
f 604 233 1030
f 1136 836 426
f 525 523 499
f 1354 613 1045
f 34 655 242
f 174 609 257
f 189 717 240
f 1124 1263 815
f 729 561 186
f 968 1016 312
f 1112 568 786
f 172 1262 576
f 931 1066 985
f 732 1013 672
f 1353 1270 962
f 570 13 270
f 591 835 13
f 562 352 528
f 228 939 855
f 625 386 92
f 1271 286 498
f 1018 558 423
f 1009 1168 889
f 38 972 485
f 221 285 856
f 867 1058 1338
f 676 814 1045
f 676 101 814
f 481 1348 824
f 188 672 664
f 315 80 1152
f 1167 256 255
f 924 155 1174
f 547 1332 1345
f 1175 1266 458
f 426 133 1110
f 532 1199 1120
f 128 139 1012
f 596 557 1142
f 21 1253 64
f 1193 1214 75
f 1019 785 309
f 1253 21 119
f 360 543 525
f 1049 1188 1355
f 320 420 287
f 640 486 886
f 982 846 957
f 1354 1111 317
f 559 1090 373
f 48 1161 611
f 1291 1229 1230
f 1273 436 1247
f 505 269 442
f 360 525 499
f 145 156 678
f 1185 657 255
f 242 175 1064
f 1326 349 751
f 49 45 798
f 696 1006 304
f 449 1350 274
f 1308 248 956
f 336 48 611
f 1036 393 862
f 674 864 214
f 279 585 293
f 813 1194 1310
f 263 227 138
f 245 1029 1182
f 723 918 506
f 240 506 735
f 869 895 511
f 369 618 1296
f 1299 621 634
f 657 1185 23
f 349 865 751
f 1257 86 917
f 363 1333 996
f 930 758 99
f 562 571 360
f 157 1237 903
f 571 1159 360
f 941 1132 828
f 548 744 940
f 143 305 623
f 18 75 181
f 1018 180 619
f 438 924 1174
f 610 616 234
f 544 1221 933
f 735 506 1224
f 373 1118 875
f 562 528 571
f 1351 942 1222
f 346 1095 579
f 355 659 910
f 669 93 649
f 457 615 1040
f 1081 865 875
f 1140 1000 971
f 1268 683 1261
f 445 264 834
f 1249 781 631
f 155 668 1106
f 77 59 426
f 464 1236 688
f 111 1218 149
f 976 978 682
f 325 13 835
f 1178 1004 78
f 916 507 659
f 337 334 803
f 446 225 1353
f 1302 1288 1048
f 579 1095 369
f 584 182 752
f 976 1335 978
f 1089 189 987
f 945 961 545
f 520 339 509
f 430 35 673
f 1094 1213 219
f 181 75 1214
f 974 875 832
f 741 1291 578
f 236 12 1231
f 200 30 660
f 832 865 349
f 336 651 629
f 850 415 885
f 351 1040 949
f 872 631 781
f 446 1042 225
f 776 310 173
f 598 587 597
f 587 598 599
f 599 1206 587
f 1359 582 521
f 813 931 1148
f 410 900 761
f 458 1329 1216
f 418 224 810
f 134 792 780
f 914 925 217
f 1058 416 1057
f 58 263 1023
f 680 679 607
f 868 1279 896
f 457 1122 840
f 597 612 617
f 617 598 597
f 714 109 1191
f 598 617 599
f 936 308 632
f 407 390 1025
f 735 987 240
f 1066 1310 1194
f 1011 1129 743
f 728 181 675
f 752 166 274
f 69 503 823
f 1190 173 402
f 153 856 1087
f 344 1332 384
f 743 652 1011
f 587 621 597
f 908 693 684
f 214 864 192
f 940 426 1062
f 205 636 958
f 783 905 303
f 234 19 610
f 949 1277 443
f 1103 420 320
f 1068 86 1257
f 188 920 732
f 1023 725 58
f 321 1356 440
f 518 67 1209
f 119 21 259
f 432 390 104
f 612 639 617
f 27 174 1102
f 1229 617 639
f 639 641 1229
f 244 423 436
f 323 249 400
f 227 345 677
f 1083 487 1029
f 635 597 621
f 633 635 621
f 461 1275 1297
f 1094 219 1079
f 635 638 597
f 835 728 325
f 526 115 926
f 612 597 638
f 446 1176 1042
f 1111 1354 1285
f 638 639 612
f 611 1161 731
f 483 1059 228
f 931 1078 1148
f 256 548 637
f 672 1013 651
f 821 1300 918
f 994 527 1039
f 614 211 984
f 1049 1355 1281
f 510 983 887
f 267 1179 307
f 1038 825 976
f 527 994 463
f 714 545 961
f 108 868 1099
f 658 638 635
f 635 633 658
f 19 268 990
f 467 851 773
f 89 422 1356
f 119 259 577
f 1263 401 1331
f 948 1016 968
f 782 29 1178
f 1205 870 113
f 306 277 741
f 639 638 1264
f 131 1003 196
f 782 1195 718
f 1164 581 337
f 953 1138 179
f 414 550 757
f 518 928 67
f 536 583 1261
f 292 698 982
f 1354 814 1285
f 313 211 1118
f 824 1348 1278
f 666 662 710
f 1263 979 401
f 324 429 278
f 378 449 1096
f 230 108 493
f 319 670 687
f 883 1126 326
f 1318 63 704
f 662 666 892
f 1048 633 1053
f 162 739 801
f 1110 133 1004
f 779 490 171
f 207 823 850
f 827 146 878
f 916 659 765
f 300 422 1121
f 1219 1215 1046
f 183 799 581
f 995 1118 373
f 1129 1265 744
f 623 520 889
f 1192 1154 126
f 406 208 383
f 1014 1076 837
f 1298 119 98
f 666 516 892
f 533 1070 754
f 618 156 145
f 49 857 282
f 1000 1060 1276
f 1021 788 734
f 1334 741 542
f 295 425 10
f 1110 895 1062
f 633 621 1053
f 849 936 632
f 905 929 379
f 717 506 240
f 1181 1312 399
f 220 579 369
f 322 309 768
f 374 413 992
f 895 1110 218
f 463 316 527
f 966 485 1154
f 1025 390 432
f 666 692 516
f 1096 549 54
f 1054 1212 388
f 1293 603 1094
f 1083 1201 385
f 308 936 1160
f 1065 39 1234
f 930 933 118
f 1343 630 809
f 883 686 579
f 1343 486 630
f 73 559 1235
f 1333 934 996
f 343 960 113
f 410 355 144
f 711 335 946
f 84 12 876
f 483 590 1174
f 1066 931 1310
f 981 723 506
f 278 1065 1275
f 191 1172 663
f 628 482 232
f 666 710 25
f 25 713 666
f 1093 1109 515
f 627 809 1143
f 469 1116 1191
f 140 160 127
f 291 600 178
f 964 162 989
f 586 829 676
f 692 816 516
f 987 374 1089
f 970 978 1335
f 1354 1045 814
f 530 303 179
f 381 811 1316
f 796 952 226
f 1100 332 618
f 564 157 70
f 176 1124 986
f 1068 1257 961
f 44 215 289
f 1206 599 1334
f 334 1341 575
f 452 358 747
f 1028 284 1022
f 1211 361 408
f 935 707 478
f 866 57 254
f 1259 1150 260
f 89 625 422
f 1022 284 1026
f 634 653 1299
f 593 921 295
f 3 711 946
f 665 1179 267
f 758 1342 262
f 705 1 710
f 849 539 526
f 748 771 190
f 69 1069 758
f 710 1 25
f 130 1194 496
f 318 467 388
f 836 78 133
f 152 168 301
f 249 1294 344
f 1095 678 156
f 465 13 325
f 692 666 713
f 420 283 287
f 816 692 713
f 552 299 565
f 816 1061 516
f 253 509 500
f 1352 70 903
f 242 997 106
f 677 126 112
f 189 1089 146
f 1251 748 767
f 279 842 585
f 70 999 564
f 628 357 1241
f 1176 654 1042
f 45 49 1002
f 1338 298 1250
f 1275 1234 1297
f 740 1213 1094
f 195 1063 36
f 823 415 850
f 336 611 7
f 1257 81 1097
f 786 151 1112
f 1151 419 56
f 21 1284 726
f 889 253 392
f 41 777 1091
f 1 705 755
f 1194 813 496
f 768 309 468
f 96 1034 1239
f 175 808 379
f 120 982 715
f 873 1171 364
f 1247 1164 65
f 73 1315 753
f 957 1207 1006
f 715 727 120
f 1115 361 1211
f 442 269 1115
f 1057 879 1338
f 276 1070 261
f 1060 276 513
f 164 860 937
f 1026 894 1022
f 280 187 879
f 245 1010 1201
f 702 1251 767
f 1266 1175 497
f 188 387 920
f 1139 1126 579
f 754 1088 1039
f 708 1002 49
f 962 446 1353
f 411 1261 583
f 724 702 52
f 865 1081 614
f 774 724 52
f 852 1071 231
f 846 297 233
f 793 1144 1047
f 441 3 762
f 400 454 1056
f 806 759 694
f 1025 432 1280
f 103 791 1196
f 971 1000 1276
f 708 49 282
f 257 1226 310
f 483 397 590
f 733 475 1032
f 670 319 71
f 637 869 511
f 28 1335 976
f 928 1137 1165
f 1258 935 3
f 524 1102 775
f 236 1306 348
f 106 34 242
f 99 1069 756
f 785 665 466
f 8 1074 42
f 96 804 375
f 317 1283 1354
f 909 392 1101
f 263 138 150
f 846 982 698
f 1061 817 9
f 1035 1360 1348
f 112 1137 928
f 1277 644 396
f 494 626 773
f 877 244 1273
f 854 24 1016
f 831 1067 11
f 702 767 43
f 489 1337 62
f 52 702 43
f 132 1176 446
f 462 868 372
f 1163 1017 418
f 69 1181 756
f 1172 755 234
f 224 576 1262
f 139 389 47
f 179 1138 530
f 1283 126 613
f 826 774 52
f 1067 849 632
f 223 313 1005
f 791 1170 330
f 1151 1051 419
f 790 883 220
f 774 826 273
f 668 200 660
f 826 279 273
f 191 26 755
f 825 39 656
f 362 965 1113
f 347 494 331
f 691 778 908
f 939 683 643
f 337 581 334
f 127 899 1084
f 852 231 1132
f 648 731 552
f 99 756 399
f 513 261 706
f 894 1026 1144
f 521 874 1359
f 988 802 943
f 427 184 180
f 547 1320 1086
f 340 1258 153
f 106 818 1165
f 645 122 1295
f 971 1218 1140
f 1126 737 346
f 142 184 1225
f 1193 646 1214
f 182 417 752
f 43 767 852
f 509 889 520
f 1084 140 127
f 243 1021 100
f 239 1185 843
f 356 451 934
f 66 583 859
f 378 1304 1280
f 99 830 544
f 1184 413 519
f 321 386 625
f 981 506 907
f 162 1249 1238
f 149 1158 111
f 979 46 401
f 1051 196 1003
f 826 52 94
f 1217 1165 1137
f 934 361 356
f 874 1303 495
f 1014 837 688
f 186 1282 1231
f 1025 1304 553
f 602 561 305
f 1144 793 1075
f 726 797 690
f 1284 64 570
f 94 102 842
f 842 826 94
f 703 811 1235
f 600 624 431
f 27 491 210
f 403 117 213
f 529 1358 991
f 386 862 863
f 262 913 93
f 314 1120 1199
f 888 474 503
f 1020 396 280
f 582 991 296
f 1199 114 91
f 636 589 983
f 1267 1135 1210
f 950 1277 904
f 353 512 28
f 908 778 431
f 1325 601 920
f 939 643 855
f 1269 1292 428
f 219 502 128
f 1052 1182 1029
f 631 1101 1249
f 429 387 1246
f 651 336 7
f 27 609 174
f 25 848 713
f 1204 674 214
f 941 1142 557
f 1109 665 267
f 1128 880 1197
f 816 713 848
f 777 1187 955
f 1270 411 962
f 816 848 817
f 664 672 1308
f 1217 655 34
f 430 720 35
f 348 226 551
f 896 55 891
f 765 467 318
f 1219 261 533
f 629 343 336
f 133 78 1004
f 144 910 580
f 173 310 477
f 118 684 693
f 1046 316 1171
f 1043 303 16
f 263 58 227
f 127 504 23
f 451 1287 996
f 1105 1134 1193
f 1325 429 324
f 732 920 241
f 947 15 209
f 673 554 430
f 8 42 256
f 1142 787 718
f 166 752 417
f 162 1238 501
f 538 148 977
f 789 1204 204
f 1164 183 581
f 306 167 1092
f 283 280 1057
f 842 884 194
f 1082 1186 1146
f 536 683 939
f 286 104 390
f 1219 533 1215
f 508 194 884
f 862 321 1036
f 79 116 466
f 71 3 670
f 1113 965 1028
f 601 942 1351
f 799 183 436
f 561 1282 186
f 484 602 620
f 191 141 26
f 293 1200 1050
f 231 1071 85
f 1084 1002 140
f 1212 121 171
f 664 470 944
f 831 539 1067
f 420 230 493
f 681 1346 209
f 848 945 817
f 861 856 153
f 645 1295 1131
f 28 976 825
f 831 391 1102
f 15 947 243
f 351 1099 1040
f 1359 85 582
f 43 852 258
f 1153 550 653
f 344 1319 53
f 102 137 842
f 1134 1125 801
f 80 775 404
f 884 842 137
f 137 185 884
f 1162 898 317
f 185 897 884
f 583 962 411
f 450 308 745
f 475 791 330
f 409 463 994
f 292 1130 915
f 1029 245 1201
f 90 1266 245
f 76 5 1143
f 508 884 897
f 1071 767 190
f 1143 5 95
f 195 141 191
f 257 404 174
f 799 1227 444
f 718 787 380
f 173 382 776
f 100 285 822
f 1203 576 885
f 327 164 937
f 158 945 848
f 1003 777 341
f 1177 1144 448
f 703 974 811
f 1091 777 1003
f 258 852 1132
f 477 1160 161
f 273 1330 722
f 741 578 306
f 540 24 695
f 259 690 819
f 13 465 270
f 319 205 471
f 611 731 648
f 608 12 84
f 1097 1015 469
f 1317 1007 1169
f 325 522 465
f 491 27 391
f 951 552 973
f 427 180 1228
f 1162 317 827
f 827 878 1162
f 1218 111 734
f 843 511 1301
f 859 660 272
f 511 701 1301
f 755 1172 191
f 806 555 108
f 980 293 122
f 880 138 677
f 1213 169 377
f 950 721 1163
f 500 509 339
f 1331 815 1263
f 1208 988 917
f 791 733 456
f 1086 384 1332
f 1178 488 1195
f 863 1315 73
f 808 905 379
f 318 14 916
f 159 72 190
f 900 198 1074
f 343 629 960
f 610 19 990
f 185 229 897
f 991 582 72
f 290 746 695
f 60 1233 871
f 418 1017 224
f 820 495 1303
f 1287 750 154
f 929 113 385
f 105 652 275
f 1319 428 53
f 520 472 902
f 697 1341 558
f 980 1248 1044
f 948 854 1016
f 1062 426 1110
f 890 178 720
f 429 1325 387
f 1262 172 1085
f 1167 124 256
f 588 629 1013
f 644 187 396
f 932 945 251
f 697 534 923
f 14 841 853
f 1131 655 1217
f 1222 942 1275
f 841 103 1196
f 814 101 1285
f 1073 422 625
f 771 748 1293
f 312 540 1037
f 704 63 201
f 229 953 897
f 829 101 676
f 472 520 623
f 810 1262 298
f 874 845 380
f 846 698 297
f 150 138 1128
f 123 204 374
f 1199 745 764
f 193 195 36
f 782 1178 1195
f 596 1195 488
f 270 505 797
f 290 738 492
f 1072 819 690
f 1239 1034 762
f 1181 721 950
f 932 961 945
f 46 979 176
f 1027 296 130
f 930 742 1342
f 861 3 71
f 1059 536 107
f 953 229 328
f 977 57 538
f 858 965 18
f 1175 458 963
f 983 510 622
f 392 177 501
f 469 1015 1232
f 384 250 400
f 673 35 780
f 1216 1323 833
f 79 642 857
f 302 210 491
f 1173 417 1271
f 900 1074 8
f 452 747 650
f 1156 145 678
f 193 36 969
f 415 168 152
f 1301 701 998
f 650 806 812
f 879 810 1338
f 370 1256 1307
f 573 1249 1125
f 1061 566 454
f 129 667 27
f 139 47 922
f 411 163 40
f 967 1228 244
f 339 563 1272
f 121 779 171
f 678 1095 346
f 184 619 180
f 36 1138 594
f 124 255 574
f 808 834 264
f 57 479 538
f 1173 1344 674
f 964 989 1254
f 297 698 124
f 754 1039 533
f 905 783 929
f 969 376 193
f 779 1170 103
f 690 797 1072
f 603 740 1094
f 447 272 1052
f 961 932 395
f 640 218 1110
f 1213 377 712
f 432 584 1350
f 616 48 343
f 556 1130 256
f 847 1303 453
f 359 819 1072
f 1119 86 1068
f 883 579 220
f 734 788 1218
f 805 580 910
f 1116 469 1232
f 901 1357 954
f 263 95 480
f 869 940 895
f 44 289 899
f 874 1317 1303
f 933 930 99
f 591 858 835
f 376 969 770
f 760 192 553
f 1239 804 96
f 74 1250 55
f 1257 109 961
f 669 1210 1135
f 395 1068 961
f 1135 216 262
f 1358 1044 1248
f 689 918 203
f 1071 852 767
f 1100 14 318
f 951 435 552
f 941 993 350
f 217 497 1175
f 824 565 481
f 1300 789 203
f 768 468 117
f 953 328 999
f 79 665 642
f 384 400 249
f 921 1184 948
f 15 822 1324
f 918 723 821
f 717 907 506
f 1350 449 1280
f 107 939 228
f 973 552 731
f 1227 436 558
f 369 1296 220
f 410 120 851
f 670 946 589
f 56 419 17
f 436 423 558
f 90 1329 458
f 770 421 376
f 982 957 715
f 1022 1113 1028
f 986 1186 709
f 524 775 919
f 964 1254 342
f 743 1074 275
f 1286 728 342
f 632 308 450
f 561 484 1282
f 425 968 312
f 1211 408 1072
f 247 546 836
f 1216 366 1323
f 1262 810 224
f 374 992 1089
f 414 572 1048
f 478 1239 935
f 480 1023 263
f 18 965 75
f 737 790 1296
f 783 1205 113
f 425 948 968
f 1326 751 62
f 1206 260 1220
f 522 642 1093
f 675 1214 646
f 746 1096 206
f 1124 370 1307
f 1102 174 404
f 1231 12 608
f 1268 315 514
f 496 813 1255
f 394 867 74
f 838 749 1278
f 1117 152 134
f 770 1031 421
f 689 789 123
f 108 230 759
f 1148 1133 813
f 114 764 1160
f 304 1306 1231
f 322 768 117
f 877 967 244
f 131 573 1091
f 1064 1266 497
f 468 309 785
f 213 201 1260
f 206 723 281
f 1185 239 127
f 994 1088 681
f 291 178 890
f 168 1252 792
f 893 231 85
f 1289 267 252
f 513 276 261
f 457 1040 462
f 1110 794 640
f 650 812 452
f 1105 564 999
f 669 1349 1210
f 351 949 493
f 404 424 80
f 1030 233 730
f 1024 278 60
f 588 385 629
f 514 1152 455
f 999 328 523
f 1245 1077 7
f 355 910 144
f 4 140 1002
f 58 661 202
f 1352 1031 770
f 1246 188 664
f 172 1117 1085
f 881 1279 747
f 596 1142 718
f 413 374 288
f 601 88 942
f 298 684 891
f 661 1023 1169
f 1031 1352 1047
f 225 605 402
f 479 148 538
f 187 418 810
f 265 857 798
f 487 769 1052
f 1078 295 10
f 243 100 822
f 518 112 928
f 7 648 1245
f 513 1276 1060
f 1031 476 434
f 412 678 490
f 1102 404 775
f 1221 840 329
f 751 865 614
f 1166 247 1136
f 407 1025 553
f 1250 298 891
f 722 724 774
f 817 1061 816
f 1217 38 645
f 1228 1018 423
f 784 1033 218
f 1170 791 103
f 93 1135 262
f 1068 1041 1119
f 1246 387 188
f 1358 529 954
f 284 98 802
f 650 555 806
f 139 922 1012
f 362 75 965
f 474 1135 1267
f 504 127 160
f 1108 736 430
f 871 595 1202
f 445 87 264
f 31 959 1297
f 523 1105 999
f 784 640 886
f 970 590 978
f 58 586 227
f 51 468 1241
f 818 997 197
f 7 611 648
f 1244 591 1253
f 584 286 182
f 949 1040 170
f 986 709 1274
f 818 106 997
f 1134 1159 1125
f 75 1237 157
f 1050 279 293
f 1029 487 1052
f 998 899 127
f 503 168 415
f 824 1294 249
f 252 269 1289
f 774 273 722
f 1176 132 212
f 10 425 312
f 473 830 399
f 1145 708 1286
f 1184 854 948
f 349 383 832
f 664 944 1246
f 843 637 511
f 1041 476 1147
f 123 374 1224
f 1119 1041 1147
f 165 958 636
f 5 1169 1023
f 733 620 456
f 1087 856 1196
f 184 97 619
f 453 76 847
f 393 709 753
f 652 1171 873
f 394 74 148
f 681 209 1324
f 1274 709 393
f 1281 704 482
f 467 765 410
f 267 307 700
f 525 1105 523
f 990 973 731
f 496 1027 130
f 875 974 703
f 169 401 46
f 488 78 860
f 316 1215 527
f 535 802 577
f 134 780 35
f 300 1121 795
f 1143 95 627
f 905 808 16
f 890 736 246
f 294 142 551
f 842 279 826
f 835 858 18
f 531 438 970
f 476 1031 1177
f 552 565 648
f 1194 966 898
f 531 1323 438
f 1133 1148 807
f 76 453 5
f 440 211 223
f 512 1335 28
f 1222 1275 461
f 298 1338 810
f 373 703 559
f 987 189 240
f 752 1350 584
f 192 492 738
f 477 310 114
f 668 583 1059
f 1117 172 1203
f 124 1167 255
f 186 608 729
f 327 528 993
f 393 753 862
f 1114 1075 793
f 993 164 327
f 1246 944 714
f 1059 107 228
f 321 440 371
f 589 1322 983
f 789 1300 68
f 80 424 1152
f 1196 853 841
f 169 367 377
f 938 414 757
f 1180 1319 344
f 518 1209 403
f 437 110 159
f 40 163 315
f 694 57 977
f 1234 39 517
f 402 568 225
f 110 125 901
f 422 489 237
f 888 758 216
f 11 491 391
f 858 1244 1028
f 1084 899 45
f 802 98 577
f 481 1035 1348
f 1337 1326 62
f 475 347 696
f 1145 342 1254
f 1024 20 1065
f 815 1330 1124
f 1158 1240 33
f 31 682 1098
f 31 1038 682
f 295 948 425
f 1334 1127 260
f 1177 1031 1047
f 1177 1047 1144
f 362 1113 1114
f 1189 900 8
f 1187 327 937
f 1231 1306 236
f 239 998 127
f 1147 476 1177
f 272 1182 1052
f 822 15 243
f 1340 924 438
f 628 289 215
f 1317 5 453
f 1298 1253 119
f 27 210 129
f 177 65 501
f 878 593 985
f 700 1287 451
f 1243 83 1089
f 1144 1075 894
f 30 200 1340
f 870 616 343
f 696 957 1006
f 354 306 428
f 1336 838 1360
f 1090 559 73
f 349 406 383
f 205 1324 471
f 1294 1180 344
f 920 387 1325
f 1053 621 1299
f 128 365 135
f 272 447 859
f 543 360 1159
f 1159 1134 543
f 253 1273 177
f 367 223 1005
f 244 1228 423
f 364 1171 316
f 747 358 881
f 530 1138 36
f 525 543 1134
f 1327 1309 844
f 103 412 779
f 1236 1014 688
f 377 502 712
f 1134 1105 525
f 29 782 847
f 1348 1360 1278
f 521 296 1027
f 1127 542 1259
f 532 450 745
f 218 1033 537
f 489 422 300
f 860 164 557
f 563 902 84
f 1330 1200 271
f 803 1254 337
f 1019 464 688
f 1251 1293 748
f 568 1112 606
f 135 125 1079
f 498 390 407
f 1338 74 867
f 867 359 368
f 736 93 246
f 1166 1136 199
f 311 897 953
f 1042 654 927
f 202 807 829
f 704 1281 1355
f 1301 239 843
f 776 257 310
f 1208 86 1119
f 294 952 97
f 118 329 684
f 758 888 69
f 471 71 319
f 327 1187 528
f 1243 1184 921
f 334 4 803
f 825 1038 517
f 634 1220 1150
f 204 123 789
f 1265 887 77
f 849 1067 539
f 637 843 1185
f 420 443 283
f 925 1064 217
f 986 1307 1186
f 1279 881 55
f 807 685 101
f 1058 368 647
f 1219 33 1240
f 1149 766 479
f 1277 396 1020
f 66 132 962
f 24 540 1016
f 30 1340 366
f 335 1151 56
f 448 802 988
f 1087 1196 456
f 1309 1302 844
f 1141 967 877
f 1009 375 1168
f 1095 156 369
f 87 1043 264
f 1033 1049 215
f 1328 545 714
f 642 665 1109
f 252 451 356
f 480 95 5
f 820 380 845
f 1280 432 1350
f 661 1133 202
f 1269 428 1092
f 1120 719 210
f 1097 469 109
f 530 1063 783
f 653 414 1299
f 1263 1124 176
f 1002 1145 4
f 683 514 643
f 1110 1004 794
f 824 248 1245
f 503 69 888
f 820 874 495
f 215 1281 628
f 998 1033 44
f 1088 754 1070
f 916 459 507
f 106 1165 34
f 1089 992 1243
f 493 443 420
f 1177 448 1147
f 993 941 164
f 1252 780 792
f 1125 1249 801
f 151 926 115
f 1314 1166 17
f 647 368 871
f 475 330 626
f 1187 1198 528
f 248 1308 1245
f 564 1193 75
f 276 1088 1070
f 505 270 515
f 1277 473 904
f 227 677 138
f 571 528 1198
f 699 1358 1248
f 1015 592 1232
f 882 1213 740
f 694 977 812
f 815 722 1330
f 120 410 761
f 337 65 1164
f 1159 571 1198
f 228 569 397
f 1033 784 1049
f 108 1099 351
f 994 681 409
f 486 847 630
f 1121 1073 92
f 669 649 554
f 646 964 675
f 700 252 267
f 628 116 45
f 504 1341 697
f 311 508 897
f 654 1176 1098
f 343 113 870
f 1340 438 1323
f 773 1054 388
f 1349 673 780
f 146 83 593
f 679 680 716
f 795 208 300
f 302 61 532
f 990 268 973
f 47 995 405
f 995 373 1090
f 982 1130 292
f 1220 587 1206
f 475 494 347
f 757 354 1319
f 626 494 475
f 1247 436 183
f 1032 696 235
f 827 1111 717
f 217 963 1236
f 819 1183 577
f 198 105 275
f 379 929 1064
f 959 31 1098
f 401 603 1331
f 33 1046 1171
f 255 796 574
f 389 367 1005
f 857 265 79
f 894 1113 1022
f 628 232 357
f 634 1150 653
f 660 30 1182
f 112 38 1137
f 925 997 1064
f 1128 1197 63
f 1153 1259 277
f 68 1300 166
f 789 689 203
f 1141 877 1273
f 912 695 723
f 599 617 32
f 1209 117 403
f 223 211 313
f 1291 32 617
f 946 670 3
f 312 1016 540
f 1256 1186 1307
f 829 807 101
f 165 463 958
f 617 1229 1291
f 1239 478 143
f 414 653 550
f 1292 53 428
f 587 1220 634
f 303 311 179
f 445 585 194
f 362 1114 903
f 204 214 288
f 634 621 587
f 1326 1337 406
f 1351 1222 447
f 320 592 1103
f 1229 641 1230
f 970 1335 607
f 203 918 1300
f 1128 138 880
f 801 1249 162
f 880 112 518
f 593 878 146
f 867 368 1058
f 790 220 1296
f 926 936 849
f 1344 407 864
f 1188 1343 809
f 763 700 307
f 641 1242 1230
f 572 414 938
f 1129 1011 1265
f 834 808 175
f 1266 90 458
f 413 288 519
f 827 317 1111
f 972 112 126
f 99 544 933
f 1282 235 1231
f 985 1162 878
f 154 1223 772
f 641 639 1264
f 927 654 682
f 122 293 1295
f 53 547 1345
f 716 833 679
f 458 1216 833
f 696 715 957
f 1017 207 224
f 1086 1313 250
f 737 171 490
f 1013 629 651
f 12 348 551
f 947 1000 1140
f 46 176 393
f 479 57 1149
f 555 650 747
f 515 1289 505
f 441 460 1151
f 962 583 66
f 1202 595 408
f 485 1248 980
f 479 1183 394
f 567 786 161
f 955 937 860
f 505 1289 269
f 74 1338 1250
f 1259 653 1150
f 866 254 81
f 1000 1346 1060
f 984 751 614
f 1264 638 658
f 130 296 699
f 800 1331 603
f 1264 1242 641
f 696 1032 475
f 718 380 820
f 1349 669 554
f 983 1322 887
f 787 231 893
f 615 840 1221
f 1242 1269 1092
f 921 948 295
f 95 263 150
f 1288 658 633
f 1244 1253 1298
f 535 766 1149
f 1347 1179 1019
f 927 978 397
f 729 472 305
f 381 1235 811
f 757 550 354
f 807 202 1133
f 829 586 202
f 1037 540 1055
f 91 314 1199
f 583 536 1059
f 603 882 740
f 1076 458 716
f 143 478 602
f 1309 658 1288
f 649 93 1108
f 1080 731 1161
f 821 54 1300
f 1347 837 750
f 250 147 400
f 1008 199 59
f 1122 457 462
f 331 851 120
f 874 820 845
f 693 431 624
f 267 515 1109
f 864 674 1344
f 1131 1295 655
f 658 1321 1264
f 1129 548 42
f 1321 1311 1264
f 162 964 739
f 1311 1320 1242
f 1242 1264 1311
f 1242 1320 1269
f 1320 1292 1269
f 1309 1321 658
f 864 407 192
f 783 663 1205
f 1302 1309 1288
f 698 292 915
f 913 262 1342
f 330 1170 1054
f 1014 1236 963
f 1080 990 731
f 339 520 563
f 77 426 940
f 1296 332 1212
f 680 607 772
f 894 1075 1114
f 247 836 1136
f 12 142 876
f 378 1280 449
f 97 923 619
f 540 912 1055
f 738 214 192
f 619 923 534
f 1310 931 813
f 9 545 944
f 324 278 1275
f 1312 1181 950
f 596 860 557
f 1245 1308 1077
f 27 667 609
f 954 1357 1200
f 1297 1038 31
f 71 221 861
f 685 1037 101
f 478 620 602
f 551 226 294
f 296 1358 699
f 162 501 989
f 1117 778 691
f 68 166 1173
f 547 53 1292
f 1257 917 866
f 1023 661 725
f 1321 1309 1327
f 609 129 398
f 1306 604 1030
f 124 574 796
f 889 804 623
f 609 398 1226
f 677 112 880
f 1078 931 295
f 198 275 1074
f 575 160 140
f 619 534 1018
f 440 984 211
f 1250 891 55
f 1311 1086 1320
f 1197 880 518
f 967 339 1272
f 3 861 1258
f 644 1163 187
f 375 1009 872
f 1132 787 828
f 238 378 1096
f 1055 912 981
f 1135 474 888
f 1262 908 298
f 417 1173 166
f 736 1108 93
f 1000 947 1346
f 936 567 1160
f 927 397 1001
f 125 110 437
f 1318 627 63
f 1336 1339 1321
f 1321 1327 1336
f 861 221 856
f 455 1001 855
f 1056 956 323
f 1311 1321 1339
f 1339 1313 1311
f 60 278 1232
f 177 1273 1247
f 1086 1311 1313
f 393 176 1274
f 620 478 707
f 314 91 398
f 1092 428 306
f 406 1337 300
f 412 103 841
f 437 1094 1079
f 723 206 821
f 1130 761 1189
f 197 997 925
f 730 297 226
f 806 694 812
f 846 1207 957
f 916 853 100
f 832 1316 974
f 854 519 290
f 261 1070 533
f 1286 282 325
f 297 796 226
f 1287 763 750
f 1009 909 631
f 512 363 772
f 1169 1007 661
f 1052 769 447
f 179 311 953
f 913 291 246
f 5 1023 480
f 795 92 381
f 781 1249 573
f 573 131 781
f 8 256 1189
f 143 623 1239
f 1262 1085 908
f 125 135 370
f 773 388 467
f 1135 93 669
f 844 1180 749
f 1277 1020 443
f 1096 746 238
f 725 661 58
f 110 991 159
f 465 522 1093
f 623 804 1239
f 707 340 620
f 407 1344 498
f 1339 1336 1155
f 1155 1336 1360
f 57 759 254
f 933 329 118
f 1130 1189 256
f 448 1144 1026
f 241 920 911
f 834 1157 445
f 1024 1104 20
f 683 1268 514
f 589 946 1322
f 362 1237 75
f 935 762 3
f 1282 1032 235
f 114 1199 764
f 519 738 290
f 1155 1360 1035
f 455 1152 382
f 1356 984 440
f 332 1100 388
f 135 365 1256
f 586 1045 227
f 1012 922 405
f 242 1064 997
f 607 531 970
f 1112 115 1270
f 1114 1113 894
f 1155 892 1339
f 859 212 66
f 401 169 882
f 278 1024 1065
f 927 225 1042
f 868 555 1279
f 892 222 1339
f 927 605 225
f 1117 134 778
f 675 964 728
f 222 250 1313
f 1313 1339 222
f 253 1141 1273
f 545 1328 944
f 1179 1347 307
f 964 342 728
f 472 729 608
f 775 163 919
f 248 824 249
f 1155 1035 435
f 962 132 446
f 57 694 759
f 575 1341 504
f 1358 296 991
f 42 743 1129
f 966 1248 485
f 435 1035 481
f 1101 631 909
f 616 1161 48
f 984 1356 751
f 529 110 901
f 365 1012 1146
f 1157 834 1305
f 892 1155 435
f 344 1345 1332
f 189 827 717
f 58 202 586
f 779 121 1170
f 51 201 213
f 32 1291 741
f 405 1082 1012
f 359 595 871
f 822 471 1324
f 888 216 1135
f 679 1323 531
f 250 222 147
f 23 541 657
f 608 186 1231
f 165 636 560
f 560 364 165
f 924 668 155
f 622 636 983
f 536 1261 683
f 10 312 1037
f 978 590 397
f 718 820 1303
f 1255 813 1133
f 17 1008 56
f 197 914 1209
f 461 859 1222
f 630 76 1143
f 282 857 522
f 12 551 142
f 467 410 851
f 549 166 54
f 165 316 463
f 310 1226 114
f 1028 1244 1298
f 817 545 9
f 126 1283 1192
f 1203 152 1117
f 1161 610 1080
f 656 37 266
f 951 662 435
f 1327 844 838
f 946 335 1322
f 662 892 435
f 1085 1117 691
f 891 1107 896
f 346 490 678
f 366 1123 1182
f 640 794 486
f 14 853 916
f 588 1083 385
f 874 1027 496
f 101 1055 907
f 892 147 222
f 14 1100 1156
f 212 959 1098
f 92 1235 381
f 1252 1349 780
f 217 1236 914
f 273 279 1050
f 1174 155 483
f 1197 201 63
f 314 398 129
f 45 116 798
f 1296 618 332
f 868 108 555
f 399 830 99
f 268 710 662
f 377 367 389
f 268 662 951
f 874 521 1027
f 110 529 991
f 178 431 720
f 652 333 1171
f 955 247 341
f 1083 588 487
f 287 416 1233
f 283 1020 280
f 1028 965 858
f 484 561 602
f 739 964 646
f 259 726 690
f 727 347 331
f 1063 195 663
f 147 892 516
f 214 204 1204
f 411 1270 115
f 147 516 454
f 123 1224 689
f 899 289 45
f 147 454 400
f 1329 1123 366
f 358 74 881
f 1069 99 758
f 313 1118 995
f 88 601 1325
f 508 311 1043
f 646 1193 1134
f 1050 1200 1330
f 1246 714 1116
f 705 234 755
f 151 786 567
f 517 39 825
f 1058 1233 416
f 474 1267 168
f 1048 1053 1299
f 21 726 259
f 1036 371 46
f 1295 1305 655
f 237 62 751
f 108 351 493
f 655 175 242
f 393 1036 46
f 795 1316 208
f 431 35 720
f 342 1145 1286
f 710 268 705
f 926 151 936
f 470 664 1308
f 60 871 1024
f 987 735 374
f 331 773 851
f 389 1005 47
f 363 353 266
f 1063 530 36
f 1251 702 800
f 1304 1025 1280
f 563 876 1272
f 677 345 126
f 311 303 1043
f 1331 800 702
f 247 955 860
f 1184 992 413
f 702 815 1331
f 697 541 504
f 35 431 778
f 1218 971 706
f 1356 321 89
f 1149 57 866
f 116 265 798
f 729 305 561
f 1334 260 1206
f 455 1190 1001
f 526 926 849
f 977 148 812
f 207 1017 721
f 872 1151 460
f 737 1126 790
f 268 19 705
f 1150 1220 260
f 759 806 108
f 876 142 1225
f 898 1192 317
f 347 727 715
f 1030 730 348
f 1061 454 516
f 142 294 184
f 473 170 830
f 1302 1048 572
f 289 628 45
f 668 924 200
f 1162 985 1066
f 59 199 1136
f 121 1212 1054
f 1097 81 1015
f 874 496 1007
f 652 105 805
f 702 724 815
f 288 738 519
f 724 722 815
f 390 498 286
f 796 923 952
f 455 382 1190
f 234 705 19
f 564 75 157
f 672 1077 1308
f 787 1132 231
f 472 608 902
f 144 198 900
f 424 257 776
f 537 1033 998
f 237 1356 422
f 335 56 1322